2 1 3 2 1 1 1 0 1 2 1 2 2 1 2 1 1 1 1 8 5 3 3 14 1
2 3 5 5 2 3 3 2 0 1 4 2 2 2 5 5 2 3 5 36 4 1 2 18 2
2 1 3 1 0 1 5 2 1 1 1 2 1 1 1 3 1 1 2 7 5 1 4 15 1
3 5 6 4 6 2 4 5 4 3 0 3 2 2 8 3 3 3 5 6 3 2 4 20 4
11 9 2 13 0 7 6 8 6 6 6 5 9 5 27 8 8 7 6 14 6 6 17 24 10
1 1 0 2 1 1 4 3 1 1 2 2 1 1 1 1 1 1 1 9 2 1 1 15 1
3 2 1 3 1 1 4 0 2 2 2 1 2 2 2 2 2 2 2 8 4 2 6 10 2
3 1 4 0 3 1 3 4 2 2 2 1 2 3 3 2 1 1 3 8 5 2 4 39 2
5 5 3 5 2 3 3 3 2 3 0 2 4 3 7 4 4 3 3 7 17 6 3 10 3
1 2 1 1 1 0 11 2 1 1 2 1 1 2 1 2 1 1 3 5 2 1 1 2 1
18 17 1 21 0 14 8 7 12 10 13 11 14 9 45 14 17 14 16 19 13 12 8 31 18
9 11 7 14 7 6 14 6 0 6 6 4 6 5 14 8 6 5 5 29 6 6 7 38 7
4 5 7 6 0 4 12 10 3 2 4 3 4 3 13 4 4 4 4 17 4 2 21 17 4
2 2 1 2 1 1 3 1 1 1 1 1 2 2 2 1 1 2 0 15 5 1 4 8 1
1 1 5 0 1 1 4 2 1 1 2 2 2 1 2 4 2 1 2 5 4 2 6 19 2
1 1 1 1 1 1 11 2 0 1 1 1 1 2 1 1 1 1 1 7 5 1 2 8 2
3 3 5 4 2 3 14 2 3 3 2 0 4 3 6 4 2 2 4 9 5 3 4 15 3
1 2 5 1 1 1 3 3 0 1 1 1 1 2 3 2 1 1 2 8 5 1 2 20 2
5 5 4 9 0 4 3 1 5 2 5 3 6 4 15 6 5 6 6 24 5 3 1 20 7
3 4 3 5 3 3 8 3 0 4 3 3 3 2 4 4 2 3 6 10 4 2 3 14 2
9 12 8 11 8 8 8 8 8 8 7 0 10 5 17 11 10 8 10 18 8 9 8 20 10
0 2 5 2 1 1 5 3 2 2 2 2 2 3 2 2 2 1 4 4 2 2 4 30 2
2 3 4 3 2 1 3 2 2 0 2 2 3 1 4 2 2 3 5 17 2 1 2 15 2
1 1 3 1 1 1 4 1 0 1 1 2 1 1 1 2 1 1 1 9 5 1 6 15 1
3 3 1 3 1 1 3 0 2 2 2 2 2 2 3 2 2 2 2 9 5 2 5 10 2
4 2 1 3 1 2 8 1 2 2 0 1 2 2 3 3 1 2 2 7 4 4 4 8 2
2 3 2 2 2 1 4 3 1 1 1 2 1 1 3 1 1 2 2 7 4 0 2 10 2
1 1 1 1 1 1 5 3 1 1 1 2 1 0 1 1 1 1 1 8 4 1 5 8 1
3 2 2 2 2 0 3 3 1 2 2 2 2 1 3 2 2 1 2 9 4 1 2 9 2
6 4 4 8 1 4 0 9 5 2 5 4 7 3 10 5 5 4 5 13 5 4 1 16 4
4 4 3 4 1 4 13 0 3 2 3 2 4 2 6 4 4 4 4 10 7 3 7 18 3
1 0 2 2 2 1 5 3 1 2 2 2 2 2 1 1 2 2 2 1 4 2 2 14 2
7 6 5 8 3 5 5 4 3 2 3 3 5 4 7 5 5 0 4 18 5 4 4 13 5
10 12 3 14 0 7 8 5 7 8 8 5 11 6 31 9 10 8 8 12 8 8 19 22 10
3 2 5 3 0 2 4 2 2 2 2 2 2 2 5 3 2 2 3 7 2 1 6 15 2
1 1 5 1 0 1 4 2 1 1 1 3 2 1 2 1 2 1 4 9 4 1 4 17 1
4 5 5 3 3 3 3 4 2 0 3 2 3 3 6 3 3 4 6 15 6 3 4 18 4
4 2 0 5 1 3 2 2 3 2 3 2 4 2 6 3 3 3 3 8 3 2 3 16 4
9 9 3 13 0 8 11 1 8 6 8 6 11 6 27 10 10 8 10 15 7 9 1 28 10
2 2 2 2 1 1 4 3 2 1 1 1 0 2 3 2 1 2 2 7 5 2 2 8 2
6 1 8 5 10 2 7 8 5 5 4 3 2 3 4 4 0 4 5 6 5 3 8 16 4
3 4 5 4 2 3 5 2 2 2 3 2 0 2 6 3 2 2 3 17 4 2 3 8 3
1 2 5 4 1 2 3 3 2 3 2 0 3 3 4 3 3 2 3 6 4 2 4 19 2
3 2 4 4 2 3 5 3 2 3 3 2 2 2 6 3 0 3 3 7 3 2 2 9 2
2 1 2 1 2 1 7 2 1 2 2 1 1 2 0 1 1 2 1 15 2 1 2 4 2
1 1 5 2 1 1 3 2 1 1 1 2 1 1 3 2 2 2 2 7 0 1 2 16 2
2 2 2 4 3 0 15 11 2 2 3 3 3 2 3 1 2 3 3 15 5 3 15 16 4
3 3 1 3 0 2 7 2 2 2 2 2 3 2 4 2 2 2 3 8 2 1 3 17 2
1 2 5 1 1 1 14 1 1 2 2 1 0 2 1 2 1 1 3 9 4 1 4 14 1
3 3 0 3 1 2 12 2 2 2 4 2 3 1 6 2 2 2 2 8 2 2 2 15 3
3 3 2 3 2 2 4 3 2 2 2 2 2 2 4 3 2 2 3 9 0 4 2 8 3
7 6 2 11 1 6 6 0 6 6 6 4 9 5 12 7 8 6 7 19 6 6 1 18 8
1 1 3 1 1 1 2 2 0 1 1 2 1 1 1 2 1 1 2 8 5 1 2 16 1
2 1 3 2 1 1 5 3 2 0 2 2 2 2 2 2 2 2 4 17 4 1 2 14 2
1 2 2 0 2 2 5 2 2 3 3 3 4 3 4 3 3 3 3 7 4 4 2 41 4
2 3 4 2 1 1 0 2 2 2 2 2 3 2 3 2 2 1 2 17 4 2 7 16 2
3 2 0 2 1 1 5 2 1 2 2 2 2 1 3 2 2 1 2 8 4 1 1 16 2
3 1 2 5 1 1 5 3 2 3 2 2 2 2 2 3 0 2 3 16 4 2 2 9 3
3 3 1 4 0 3 5 2 2 3 3 2 4 2 6 3 3 3 3 8 3 2 6 15 4
5 4 3 4 3 3 4 4 2 0 3 2 3 2 6 2 3 1 3 6 3 2 4 8 4
6 3 3 8 0 5 4 5 4 3 5 4 6 4 14 5 4 4 5 9 5 4 3 19 7
2 2 3 3 1 2 4 2 1 2 2 3 2 0 4 2 2 2 3 8 5 2 4 15 3
3 3 5 3 3 3 15 2 2 2 2 2 2 2 5 3 2 2 3 5 4 2 3 5 0
3 3 1 3 1 2 8 2 3 2 2 2 2 2 5 3 2 2 4 7 0 3 2 18 3
2 2 2 4 1 1 8 2 2 2 0 2 3 2 4 3 2 2 3 6 4 4 2 17 2
3 2 0 3 1 2 8 2 2 2 2 2 3 1 4 2 2 2 2 8 2 2 2 16 2
3 4 7 3 4 2 3 11 3 4 0 3 4 3 6 4 2 4 4 6 42 6 8 19 4
5 2 0 4 1 2 13 3 2 3 3 2 2 2 3 3 3 3 3 8 5 2 6 11 2
2 2 4 2 1 1 4 2 1 1 1 0 1 2 4 2 2 2 3 7 4 1 4 15 1
2 3 2 2 3 0 14 4 2 4 4 2 2 2 2 2 2 2 4 4 2 1 9 16 2
1 2 3 2 1 1 1 2 1 1 2 0 1 2 1 1 1 1 2 5 2 1 2 15 1
1 2 3 1 1 1 0 3 1 1 1 2 2 1 2 2 1 2 2 8 5 3 1 19 1
3 2 2 4 1 2 4 2 0 1 2 2 2 2 3 4 2 1 1 9 2 2 4 9 2
2 3 4 2 2 2 4 4 2 4 1 2 1 3 5 3 2 3 4 6 4 0 6 26 2
5 4 4 6 4 3 4 4 3 3 3 0 3 5 8 4 3 4 4 7 3 3 4 15 3
1 0 5 3 1 1 7 1 1 2 4 1 2 2 1 1 2 1 2 7 2 2 1 17 2
1 0 2 2 1 1 3 2 1 2 1 1 2 2 2 2 1 1 2 8 4 2 3 17 2
2 1 4 3 1 1 4 1 1 2 2 3 2 0 2 2 1 2 2 6 5 1 4 8 1
1 1 3 2 1 1 2 3 1 1 1 0 1 3 1 2 1 1 2 8 4 1 6 15 2
2 4 3 5 3 2 4 4 3 4 1 3 2 3 8 3 3 3 4 6 4 0 3 19 3
0 1 7 5 5 2 6 6 2 5 5 3 2 4 3 3 3 3 4 7 8 4 6 18 3
6 6 5 7 4 0 5 5 3 4 2 3 5 3 8 4 4 3 5 8 43 4 6 23 4
4 4 2 4 3 3 5 3 2 3 0 2 3 3 6 3 3 3 3 7 6 6 3 5 3
9 3 6 7 5 2 10 6 4 5 4 3 3 4 8 4 0 4 5 8 5 3 5 19 6
0 2 1 2 1 1 8 3 1 1 1 2 1 1 2 2 1 2 2 7 6 3 4 19 1
1 2 1 0 1 1 4 2 1 2 2 1 2 2 2 2 1 2 2 5 2 1 3 15 2
2 6 5 9 0 5 1 11 2 3 3 3 4 3 5 3 5 4 3 7 4 3 20 23 4
4 3 0 4 1 3 12 4 2 2 3 2 3 2 4 2 3 3 2 9 5 2 4 9 4
2 0 6 9 4 3 5 6 2 5 2 3 3 3 3 2 2 3 4 6 40 2 5 12 4
1 1 1 0 1 1 4 2 1 1 1 1 1 2 2 1 1 1 2 7 5 1 2 18 1
1 1 3 2 1 1 3 1 1 1 2 2 1 0 1 1 1 1 1 8 1 2 2 8 1
4 4 2 6 0 3 9 2 3 4 4 3 4 2 5 3 3 3 3 19 3 2 3 12 5
2 3 3 5 2 0 3 2 2 2 2 2 2 1 4 2 1 1 3 17 1 3 2 16 1
7 5 0 8 1 4 12 8 4 4 4 3 6 3 9 5 6 4 4 14 4 4 5 18 5
5 5 4 7 4 4 4 4 3 4 3 4 5 0 8 4 4 3 4 7 4 4 4 17 4
7 8 5 7 4 5 7 5 4 0 5 4 5 4 10 5 5 6 9 26 5 4 4 15 7
5 3 4 6 4 3 5 4 3 3 4 0 3 2 6 4 2 3 3 7 2 2 5 8 3
0 1 3 2 1 1 3 3 1 1 1 1 1 2 2 2 1 2 1 9 4 3 4 18 2
5 5 6 5 4 0 5 4 3 4 4 2 4 1 8 4 3 3 5 5 1 3 6 12 3
2 4 4 8 3 4 13 6 5 5 3 4 1 4 9 3 3 3 5 5 2 0 4 23 4
1 1 3 1 1 1 7 0 1 1 1 2 1 1 1 1 1 1 2 8 4 1 2 8 1
1 0 5 1 1 1 7 3 1 1 2 2 1 2 2 2 2 2 4 10 3 1 2 11 2
3 3 3 2 2 2 2 3 0 3 2 2 2 2 4 1 2 2 1 13 5 1 2 10 2
7 6 4 12 1 5 5 0 5 6 7 5 8 5 16 7 9 7 8 21 7 6 7 23 9
2 2 1 6 1 1 3 1 1 2 4 3 2 1 3 1 2 2 3 1 2 1 2 8 0
7 6 4 7 4 3 5 5 4 4 4 0 5 5 9 5 5 4 5 9 5 4 5 11 5
4 3 0 5 1 3 5 2 3 2 3 2 3 3 4 3 3 3 3 7 3 2 2 17 4
3 2 2 2 2 0 3 2 2 2 1 1 2 2 3 2 1 1 2 7 4 1 2 4 1
3 4 5 2 2 2 3 4 3 2 1 2 2 3 6 3 3 3 4 7 4 0 3 26 3
8 11 7 8 6 6 7 7 5 5 5 5 7 5 14 7 8 0 7 33 6 6 7 22 7
4 2 3 4 1 3 0 1 3 3 3 3 4 2 6 4 3 3 4 7 4 2 2 19 4
4 1 0 3 1 2 12 2 2 3 2 2 2 2 2 3 2 2 3 6 4 2 8 11 2
2 2 5 1 1 1 4 2 1 1 1 2 1 2 2 2 1 0 1 14 6 3 3 4 1
3 1 0 8 1 4 4 2 4 4 4 3 4 3 7 4 5 4 5 5 3 2 1 16 4
6 3 0 6 1 2 3 2 2 2 4 2 3 2 6 3 2 2 3 26 2 2 1 13 3
5 6 4 5 3 5 4 4 3 0 4 3 4 3 6 4 3 4 5 15 5 3 3 9 4
1 1 4 1 1 1 1 3 1 1 1 0 1 2 1 2 1 1 1 7 5 1 3 5 1
4 4 6 4 1 3 0 9 2 1 3 3 4 2 8 3 3 3 5 12 4 2 2 17 3
7 8 7 7 6 5 7 6 5 5 5 0 6 6 11 6 5 5 6 17 6 7 7 16 7
1 2 1 2 1 1 4 3 1 2 2 1 0 2 3 2 1 2 2 6 4 1 2 16 1
4 1 0 5 1 3 2 1 2 4 4 2 3 2 4 3 3 3 3 9 3 2 1 12 3
2 5 4 2 3 0 4 4 2 3 2 2 2 2 5 4 2 2 3 5 4 2 3 17 2
4 3 2 5 0 3 7 2 3 3 3 2 4 2 6 4 3 2 3 7 3 2 3 16 4
3 1 5 3 1 3 0 1 2 1 4 2 3 2 3 3 3 3 4 11 3 2 1 16 3
1 1 3 2 1 1 5 2 1 1 1 2 1 0 1 1 1 2 2 11 4 1 1 16 1
4 3 1 2 1 1 12 4 0 1 1 1 2 2 3 3 2 2 1 16 5 1 4 15 2
2 3 5 3 3 2 5 2 3 3 0 2 3 2 5 4 2 3 3 7 3 6 3 14 2
6 4 1 6 1 4 0 1 3 4 4 2 4 3 8 4 4 3 4 8 4 3 2 15 5
6 5 4 7 4 4 5 5 4 4 0 3 4 3 7 4 3 5 5 5 21 7 5 6 4
6 6 3 8 0 5 3 2 6 5 5 3 6 3 10 6 6 5 6 9 5 4 12 16 7
0 4 6 3 5 3 4 5 2 3 4 3 5 4 7 4 3 3 4 8 5 5 5 44 6
2 3 2 2 2 0 4 4 2 2 2 1 2 3 3 1 1 2 3 7 22 2 6 15 1
1 2 1 2 1 1 13 3 2 2 1 2 2 2 4 2 2 2 2 7 0 3 4 21 2
5 3 2 2 2 1 5 2 0 1 1 2 1 1 2 1 1 1 1 8 6 1 3 8 1
4 5 4 6 4 4 5 4 3 3 3 0 4 2 9 4 3 3 4 16 4 3 4 16 4
0 2 3 4 1 2 3 2 1 2 2 2 2 2 3 2 1 1 2 9 2 3 4 20 3
2 2 2 2 1 2 3 2 2 2 1 3 2 0 4 2 2 1 2 8 5 2 2 16 2
4 4 3 7 3 3 13 3 3 4 5 1 0 4 6 5 1 4 5 8 5 3 4 15 4
4 3 0 5 2 3 5 2 3 3 4 2 3 2 6 4 3 3 4 6 3 3 7 11 4
6 5 0 9 1 5 10 2 5 6 6 4 9 4 11 6 8 6 6 11 6 6 1 18 7
2 2 6 1 1 1 12 4 1 1 1 1 1 3 1 1 1 0 4 9 23 1 6 3 2
2 2 4 3 1 2 0 2 2 2 4 1 2 2 2 1 2 2 2 8 2 1 2 15 2
4 4 0 7 1 4 2 2 3 3 4 3 5 2 8 4 4 3 4 7 3 3 1 18 4
12 16 9 14 9 13 9 8 9 0 10 8 15 7 21 13 14 11 20 43 11 11 8 31 15
4 5 6 6 0 4 7 3 3 4 3 3 6 3 12 4 4 4 4 6 5 3 21 16 5
3 3 2 3 1 2 4 2 0 3 2 2 2 2 3 4 2 2 1 11 4 2 4 15 2
5 4 0 6 1 4 10 2 3 4 4 2 5 3 8 4 4 4 4 8 4 4 2 17 5
2 0 1 3 5 1 27 11 2 2 2 1 3 2 1 1 3 2 4 1 2 2 14 4 3
6 3 0 6 1 4 6 1 3 3 4 3 5 3 9 4 4 4 4 7 4 3 4 12 5
0 2 3 1 1 1 7 4 2 2 2 2 1 2 3 2 1 1 4 7 3 1 1 17 1
2 1 1 4 0 2 4 2 2 1 2 2 2 1 2 2 2 2 2 6 4 1 1 16 2
1 2 3 2 2 0 8 2 1 1 1 2 1 1 2 2 1 1 1 20 4 1 2 17 1
2 1 0 3 1 1 5 2 1 1 1 2 1 1 1 1 1 2 2 5 5 1 4 4 1
1 1 3 2 1 1 4 3 1 1 1 1 0 2 2 1 1 1 4 20 5 1 3 16 1
5 4 0 7 1 4 3 2 3 4 4 2 4 2 8 4 4 4 4 7 4 3 2 16 4
10 5 0 11 1 6 2 2 6 7 6 5 10 5 18 7 9 8 7 10 5 6 4 20 8
5 3 6 7 1 4 0 2 3 3 3 3 5 3 11 5 5 4 4 7 3 3 4 16 5
1 1 3 2 1 1 4 1 1 1 1 2 1 0 1 1 1 1 3 8 5 2 1 16 1
3 2 2 3 0 1 12 1 1 2 4 2 3 1 2 2 2 1 2 9 2 2 5 9 2
10 10 9 13 6 4 13 6 8 6 6 0 8 5 15 8 8 5 8 12 7 8 5 21 9
1 2 1 0 1 1 11 3 1 2 1 1 2 2 3 2 1 2 2 7 5 2 3 17 2
2 3 0 4 1 2 7 2 3 2 3 3 3 1 5 3 4 2 4 9 3 2 1 19 3
6 5 5 4 2 3 3 3 3 2 0 2 3 2 7 4 3 3 4 8 5 4 3 9 3
2 2 0 4 1 1 3 2 2 1 2 2 2 2 2 2 2 2 2 17 2 1 2 16 2
6 3 0 7 1 4 7 2 3 5 4 2 5 3 7 4 5 4 4 7 5 3 2 13 5
4 4 3 3 3 2 4 3 2 3 2 0 3 4 6 3 3 2 3 5 5 2 3 16 3
0 1 6 2 3 3 2 4 2 2 1 3 3 2 3 3 2 3 3 3 5 2 8 36 4
5 3 2 3 2 2 3 2 2 0 3 2 3 2 4 2 2 4 6 17 4 3 3 5 4
9 5 2 9 0 4 4 2 4 5 4 3 6 4 11 6 5 5 5 10 4 4 16 18 7
2 2 4 2 1 2 6 0 2 2 2 2 3 1 2 3 2 1 4 10 5 1 5 16 2
3 2 3 4 1 2 0 2 2 2 2 3 3 1 6 3 3 2 3 7 5 1 1 14 2
7 9 8 8 6 6 7 8 4 4 4 0 6 3 14 5 7 4 5 8 5 5 7 15 6
2 2 5 2 0 2 4 1 1 2 2 1 2 2 3 2 2 2 2 7 5 1 6 12 2
4 3 0 6 1 2 4 2 2 3 3 2 4 3 5 3 3 2 3 8 3 2 4 16 3
1 1 5 2 1 1 0 2 1 1 1 2 1 1 1 1 1 1 1 8 5 1 4 8 1
5 5 4 7 1 4 6 0 5 4 3 2 5 3 10 5 4 5 5 7 4 3 3 21 4
6 8 6 6 5 6 5 5 3 0 5 3 6 4 8 4 5 4 9 25 24 4 5 15 6
3 2 4 2 1 1 3 1 2 1 0 2 2 1 2 2 1 2 2 7 5 3 2 8 2
3 3 2 2 1 1 3 3 1 0 2 2 2 2 3 4 2 2 1 24 5 1 2 10 2
2 2 3 2 2 2 4 2 2 0 2 2 2 2 4 1 1 3 4 9 5 1 2 18 2
4 5 4 4 4 4 5 4 4 4 0 3 5 4 8 5 4 5 5 7 5 5 4 20 4
4 4 2 4 3 3 8 3 3 3 2 0 3 1 7 4 2 3 4 6 5 2 3 16 2
5 8 9 9 2 6 16 0 5 5 5 3 7 4 14 7 6 5 7 9 5 5 17 25 7
5 5 4 5 4 4 4 5 4 5 0 3 4 4 8 5 4 5 5 9 4 6 5 15 4
3 3 4 6 3 1 5 2 1 3 2 3 1 0 5 3 2 2 3 7 3 1 3 14 1
1 1 5 0 1 1 3 3 1 1 1 2 1 1 1 1 1 2 1 8 5 1 2 16 1
3 3 0 3 1 2 4 1 2 2 2 1 3 2 5 2 2 2 2 8 5 2 4 18 3
1 1 1 0 1 1 3 2 1 1 1 1 1 2 1 1 1 1 1 8 5 1 2 16 1
2 3 4 2 2 1 4 1 2 1 2 0 1 2 4 3 2 2 4 8 2 1 2 14 1
0 1 1 4 1 1 3 2 1 2 1 1 1 2 1 1 1 1 2 8 5 2 2 19 1
0 1 1 2 1 1 3 2 1 2 1 2 2 1 2 1 1 2 2 8 5 2 4 18 2
3 2 5 3 0 2 3 2 2 2 2 2 3 1 5 2 2 2 3 8 2 1 6 14 2
1 3 2 2 2 1 4 3 2 2 4 1 0 2 4 2 2 2 3 8 2 2 2 17 1
3 2 0 4 1 2 3 2 2 1 2 1 2 2 3 2 2 2 2 17 5 2 4 14 2
1 1 1 2 1 1 11 3 1 1 1 1 0 2 2 2 1 1 2 8 4 1 2 10 1
4 6 3 5 3 2 12 4 3 3 3 3 0 3 7 4 3 4 5 9 4 2 4 17 3
1 1 1 2 1 0 3 2 2 2 1 2 1 1 2 1 1 1 2 7 4 1 2 16 2
6 8 4 9 0 4 7 4 4 5 4 3 5 3 14 5 5 4 5 7 4 4 14 16 6
4 3 4 5 4 0 14 5 2 3 2 4 1 3 5 3 1 3 4 5 7 3 5 9 2
6 5 3 8 1 5 3 0 4 4 4 3 6 3 10 5 6 5 5 8 4 4 1 19 6
1 3 3 5 2 0 3 3 1 2 3 1 2 3 2 2 1 1 3 7 3 2 2 18 2
1 1 1 4 1 2 8 2 1 0 2 2 2 1 1 2 2 2 1 13 4 2 2 17 2
6 5 4 5 3 2 4 4 2 4 3 2 3 3 7 2 3 5 0 23 5 3 4 10 4
3 3 5 3 1 2 1 2 2 1 0 1 3 2 5 2 2 2 2 8 5 4 4 14 2
1 0 1 2 1 1 4 2 1 2 1 1 1 2 1 1 1 1 2 8 5 1 4 15 2
4 5 4 4 4 3 4 4 3 2 3 0 4 4 9 3 3 3 4 20 4 3 4 19 5
1 2 6 4 0 1 13 1 2 2 1 3 2 1 6 3 1 1 4 7 5 1 9 22 2
6 5 3 8 0 5 2 2 4 5 4 3 7 4 13 5 5 5 5 8 4 5 2 15 7
6 7 6 8 5 5 7 5 4 5 4 2 4 0 11 6 4 4 5 9 4 3 6 14 5
1 1 1 3 0 1 2 2 2 2 2 2 2 2 2 2 2 2 2 7 4 1 3 18 2
2 2 7 7 2 4 12 13 5 6 2 4 3 3 12 5 2 4 6 7 3 0 16 25 6
4 4 4 4 3 3 4 4 3 3 3 0 3 2 8 4 4 3 4 7 5 3 4 16 4
1 2 0 2 1 1 8 2 1 1 1 1 1 2 2 1 1 1 1 8 4 1 1 8 1
2 2 2 3 2 1 3 3 2 3 2 0 3 2 6 3 2 2 3 7 5 2 3 18 2
3 3 2 4 1 3 0 1 3 4 3 3 3 2 5 4 3 3 4 10 3 3 2 18 3
10 9 8 10 8 7 8 8 7 7 7 0 8 5 17 9 8 7 8 17 8 9 8 22 10
13 8 2 16 2 9 0 2 6 7 8 8 9 5 14 7 9 6 8 10 7 6 2 21 8
4 2 0 3 1 3 4 1 2 2 3 2 3 2 4 3 3 3 3 8 5 2 1 18 4
1 1 0 2 1 1 12 2 1 1 1 1 1 2 1 1 1 1 1 15 4 1 4 15 1
8 5 0 8 1 4 12 7 4 4 3 3 5 3 13 5 5 4 5 7 5 4 13 16 6
0 3 6 4 3 1 3 3 1 1 2 1 1 3 2 3 1 1 2 9 5 2 4 18 1
2 2 2 3 1 1 3 2 2 2 2 2 2 2 3 3 0 2 3 7 4 2 2 16 2
4 7 5 5 4 3 13 4 2 2 4 3 0 3 9 3 3 2 3 17 3 2 4 8 3
4 4 3 5 2 2 3 3 0 1 2 2 3 2 5 5 2 1 2 27 4 2 3 12 2
0 1 4 3 1 1 3 2 1 1 1 1 1 2 1 1 1 1 1 7 4 1 4 17 1
3 2 2 3 2 2 3 2 1 0 2 1 2 2 3 2 1 2 3 17 2 1 2 9 2
3 3 2 2 2 1 4 3 2 1 2 0 2 3 3 2 1 2 2 7 4 1 2 15 2
5 4 2 7 0 4 8 2 4 4 4 3 6 3 11 5 5 5 5 7 3 3 14 21 5
3 2 5 2 1 2 5 4 1 2 2 1 0 2 3 3 1 2 3 5 4 1 5 14 1
8 11 6 13 6 3 6 6 0 4 4 3 4 4 12 9 4 2 6 32 4 4 5 28 4
2 3 2 3 1 0 4 1 1 2 2 2 2 1 3 2 1 1 2 8 2 1 2 5 1
1 1 3 2 1 1 1 2 0 1 1 1 1 2 1 3 1 1 1 7 5 3 2 15 1
1 2 5 3 1 1 3 3 2 2 1 1 0 2 3 2 1 1 4 8 5 1 5 17 1
6 3 0 7 1 5 8 1 4 4 4 3 6 4 9 5 6 5 5 6 4 4 2 17 6
2 1 3 3 1 2 0 2 2 1 1 3 2 1 2 2 2 3 5 8 4 1 1 5 2
1 2 3 3 0 1 5 1 1 1 1 2 1 1 2 1 1 1 1 9 5 1 4 16 1
2 0 4 3 2 2 3 2 2 2 2 2 2 3 2 2 2 2 2 7 4 1 3 14 1
8 7 0 12 1 7 1 1 6 7 7 5 10 5 13 8 10 7 7 14 7 7 1 25 9
2 1 3 0 1 1 3 3 1 2 1 1 1 2 2 1 1 1 4 8 6 1 6 17 1
3 3 2 3 1 0 3 3 2 2 2 1 2 2 2 2 2 2 2 2 4 1 5 8 2
3 2 1 2 1 2 4 1 2 1 2 2 2 2 3 2 1 0 2 8 4 1 2 9 2
1 1 4 1 1 1 4 0 1 2 2 1 1 2 3 2 2 1 2 17 4 1 4 16 2
1 2 4 0 1 1 1 3 1 2 3 1 2 2 2 1 2 2 2 8 4 2 2 22 3
1 1 3 3 1 1 1 2 1 1 1 2 1 0 1 1 1 1 1 7 5 1 4 16 1
2 3 2 2 1 2 3 3 1 2 2 2 2 1 3 0 2 2 3 14 4 2 2 8 2
2 2 2 2 1 0 3 2 1 1 1 1 2 2 2 2 1 1 2 8 5 2 4 15 1
0 9 5 6 5 6 5 6 5 8 6 5 8 5 16 6 7 7 7 24 7 10 6 43 11
4 5 4 4 4 3 7 4 3 3 3 0 4 4 9 4 4 3 4 22 5 3 4 17 5
1 3 5 0 1 3 4 2 2 2 2 3 3 2 6 3 2 3 4 7 4 2 2 32 3
0 2 1 4 1 3 4 2 1 1 2 3 2 1 2 2 2 1 2 8 2 1 1 20 2
2 0 5 2 4 1 5 6 2 4 2 2 3 2 1 2 1 3 4 1 5 2 6 5 1
4 4 5 5 2 1 3 4 3 4 2 2 0 2 6 3 2 3 4 9 5 2 5 9 1
4 3 3 5 0 2 3 2 3 4 3 2 3 3 8 4 3 3 4 9 5 3 6 12 4
4 1 3 6 1 3 0 1 3 2 4 3 5 2 4 4 5 4 5 18 4 2 3 14 4
5 4 4 7 1 5 5 0 3 4 4 3 5 3 10 5 4 4 4 7 4 4 1 16 5
3 0 2 4 3 1 5 3 2 2 1 1 1 2 2 2 1 1 4 9 5 1 4 9 2
4 4 4 6 0 4 5 2 3 2 4 3 5 2 10 4 4 3 4 20 4 3 8 17 5
3 4 3 4 3 3 4 3 3 3 3 2 1 2 6 4 2 3 4 7 4 2 3 15 0
3 3 2 2 2 1 3 3 2 3 0 3 2 1 5 3 2 2 3 7 6 3 4 10 2
2 2 2 1 2 1 4 4 0 3 2 2 1 2 2 4 1 1 4 7 2 1 3 7 2
7 8 5 10 0 6 9 8 5 5 5 4 8 4 17 6 7 6 6 10 5 6 14 20 9
1 1 4 0 3 1 4 4 2 4 1 1 1 2 3 3 1 2 3 2 4 2 4 18 1
6 4 0 5 1 2 11 3 3 3 3 2 2 2 6 4 3 3 3 6 4 2 5 13 3
2 2 3 2 1 1 4 4 1 1 1 2 0 1 2 1 1 2 2 8 5 2 4 3 2
2 3 2 2 3 2 11 3 2 3 0 2 2 2 5 3 2 2 4 7 22 2 3 20 3
2 2 4 3 1 2 0 2 2 1 2 3 2 1 3 2 2 2 4 8 4 1 1 15 2
2 3 0 4 1 2 3 2 2 2 2 2 3 1 3 3 3 1 4 11 5 1 4 16 3
2 0 3 3 7 1 3 4 2 1 3 2 1 2 3 3 2 2 4 8 3 1 2 14 1
1 1 3 0 1 1 14 1 1 2 1 2 1 1 1 1 1 1 2 17 4 1 4 15 1
7 5 3 9 0 4 3 3 4 5 5 3 4 3 13 6 5 5 6 8 5 3 11 17 4
1 3 2 2 3 0 8 4 1 3 2 2 2 2 5 2 2 3 2 9 4 2 3 8 2
0 2 1 1 1 1 3 2 1 2 2 2 3 2 2 2 2 2 2 8 2 2 2 23 2
2 1 1 2 3 1 12 3 1 2 1 2 2 1 4 2 1 2 0 22 4 1 2 8 2
1 1 3 2 1 1 3 2 1 1 1 2 1 1 2 2 1 1 2 7 0 2 5 16 1
0 2 1 3 1 1 12 2 1 1 2 1 1 2 1 2 1 1 2 8 2 2 2 21 2
1 0 2 3 1 1 5 2 2 3 2 2 3 2 2 2 2 3 3 7 5 2 4 15 4
1 2 5 2 0 2 8 2 1 1 2 1 1 2 4 2 1 1 3 7 4 1 1 18 1
3 2 0 4 1 2 3 2 2 2 3 2 3 2 5 3 2 2 3 7 3 2 2 16 2
4 4 2 7 1 3 0 2 3 4 4 3 4 3 7 4 4 4 4 7 4 3 2 16 4
3 2 0 5 1 2 3 2 2 2 4 2 3 2 4 3 2 2 3 7 2 1 1 15 2
2 3 2 2 1 2 4 3 1 2 4 1 2 3 0 2 2 2 3 3 4 1 6 3 2
7 7 4 7 0 5 7 3 4 4 4 4 6 4 12 5 6 5 5 8 4 4 14 16 7
0 3 4 2 2 3 3 3 2 2 3 2 3 3 3 3 2 2 3 8 4 3 3 27 3
1 1 4 3 1 0 13 1 2 2 2 1 2 2 2 1 1 1 2 7 4 2 2 16 2
2 2 3 3 1 0 7 2 2 3 3 2 1 2 1 3 1 2 3 5 4 1 3 15 1
11 8 0 11 2 5 3 1 5 4 5 5 9 5 19 7 9 8 7 10 5 6 15 24 7
1 1 3 1 1 1 0 2 1 2 2 2 2 1 2 2 2 1 2 7 4 2 2 17 1
5 5 4 5 4 4 8 4 4 4 3 0 3 4 8 4 2 3 4 7 3 2 5 17 4
2 4 3 3 2 2 3 3 2 2 1 2 4 2 5 3 3 2 4 7 4 0 3 18 3
4 4 3 4 3 2 3 3 1 1 3 3 2 2 6 3 2 0 1 12 3 2 3 8 3
1 2 1 1 1 1 5 2 1 2 1 2 1 1 2 2 1 1 2 9 4 0 2 18 2
3 2 0 4 1 2 3 2 1 2 2 2 3 2 3 2 2 2 3 7 5 2 2 11 3
5 4 2 6 0 4 8 3 4 4 3 3 5 3 11 4 3 3 4 7 4 3 9 16 4
4 5 3 5 0 4 2 2 4 5 3 3 5 3 11 4 5 4 4 7 5 4 4 19 5
0 2 1 3 1 1 3 3 1 1 1 2 2 1 1 1 1 1 3 8 4 1 4 16 1
0 1 5 3 1 1 4 3 2 2 1 2 2 1 2 2 1 1 2 12 4 2 5 20 2
8 7 5 6 5 5 11 6 4 5 4 0 4 3 13 4 4 4 4 21 4 4 6 14 7
4 4 3 4 1 4 0 2 3 4 4 3 5 3 8 4 4 4 4 7 4 3 3 16 4
0 3 4 5 3 3 5 4 3 5 5 1 5 4 5 3 3 4 4 6 6 7 6 31 5
4 3 0 5 1 3 2 2 2 3 3 2 4 2 6 3 3 3 3 9 3 2 3 15 3
1 2 5 2 1 1 3 3 2 2 1 0 1 2 3 2 1 1 2 9 5 2 6 16 2
0 2 3 2 1 1 1 3 1 1 2 1 1 2 1 1 1 2 2 8 2 1 1 17 1
2 4 2 4 3 0 12 4 3 2 2 2 2 2 6 3 2 2 4 6 4 1 3 19 1
6 6 7 6 5 4 5 5 5 5 4 5 5 0 10 6 5 5 6 9 4 4 5 9 5
4 2 3 4 2 3 8 4 3 2 2 3 3 0 5 3 2 3 4 4 4 3 6 6 3
5 9 7 8 6 4 5 5 3 5 4 4 6 4 13 0 6 5 8 26 5 4 8 15 6
2 1 0 2 1 1 5 2 1 2 2 2 2 1 2 2 1 2 2 8 2 1 1 10 1
3 2 4 3 1 2 1 0 2 2 2 3 3 1 4 3 2 2 3 7 4 2 2 14 2
3 1 3 4 3 2 3 4 1 3 2 1 2 2 3 2 1 3 0 25 4 2 4 6 2
6 5 0 7 1 5 3 2 4 4 4 3 5 3 11 5 5 4 5 19 4 4 2 16 5
2 1 5 2 1 1 4 2 1 0 1 2 1 1 1 1 1 1 1 7 5 1 4 3 1
3 3 1 3 1 1 5 3 0 2 2 2 2 2 2 1 1 2 3 8 2 1 4 9 2
15 16 3 23 1 14 12 0 11 9 10 9 14 8 33 16 16 11 14 17 11 11 2 37 15
9 10 3 16 1 8 0 2 5 6 7 6 12 6 19 9 12 6 8 29 7 9 3 26 10
3 3 4 6 3 3 4 3 3 4 3 3 4 3 9 4 3 4 4 7 3 3 4 19 0
2 2 4 2 2 1 4 2 1 2 2 0 2 2 3 2 1 2 2 8 2 1 2 4 2
1 1 4 0 1 1 3 1 1 1 1 1 2 2 2 1 1 1 2 8 5 2 2 17 2
2 3 3 3 0 1 2 2 1 2 2 1 1 2 2 2 2 1 2 8 4 1 4 15 1
1 1 4 0 1 1 4 2 1 1 2 1 1 2 2 1 1 1 2 7 5 1 2 16 2
4 1 0 5 1 2 8 2 1 1 2 2 3 2 3 2 3 1 4 25 1 2 1 15 2
2 1 5 0 1 1 4 3 1 2 1 1 2 2 2 2 2 2 2 7 4 1 5 19 2
1 2 3 2 1 1 3 2 2 1 1 1 0 2 3 2 1 2 2 7 4 1 1 18 1
1 2 1 4 1 0 15 11 2 2 2 2 2 2 3 3 1 2 3 2 3 1 14 20 1
0 2 4 3 3 3 4 3 1 3 2 2 3 2 3 5 2 2 3 9 3 3 3 28 3
2 2 2 2 1 0 3 2 1 2 1 1 1 2 1 1 1 1 2 7 5 2 5 3 1
5 4 0 8 1 5 4 2 4 4 4 3 6 4 9 5 6 5 5 7 4 5 4 18 5
3 2 2 3 0 2 3 2 2 2 2 2 3 2 3 3 2 2 3 7 5 2 4 13 2
0 1 1 3 1 1 4 2 1 1 2 1 1 2 1 2 1 1 2 8 2 1 2 15 2
4 3 2 3 2 3 4 3 2 0 3 2 3 1 5 3 2 4 6 16 4 2 3 18 3
1 0 3 1 1 1 1 2 1 1 2 2 2 2 2 2 2 1 2 5 5 2 2 14 2
2 2 4 3 2 0 4 2 1 2 1 1 2 3 4 2 1 2 2 7 7 3 5 5 1
8 5 0 11 1 5 5 1 5 4 4 3 5 4 11 5 6 5 6 8 4 3 1 15 5
10 13 7 11 6 5 7 6 0 5 5 4 7 4 16 9 6 3 6 38 6 6 6 33 7
1 0 3 1 1 1 5 3 1 3 1 1 1 2 2 2 1 2 2 6 5 1 8 17 2
4 4 3 6 0 3 4 2 3 4 3 3 4 2 7 3 4 3 4 7 5 3 14 13 4
0 2 1 3 1 2 4 2 1 2 2 2 2 2 2 1 2 1 2 24 2 2 2 17 3
4 3 3 5 3 1 5 3 1 3 3 3 1 4 4 4 2 3 0 14 2 2 7 8 2
1 0 4 2 1 1 3 2 1 2 1 2 2 1 2 2 2 2 2 7 5 1 4 16 2
0 2 1 2 1 1 8 3 1 3 2 2 3 2 1 2 2 2 2 5 3 3 2 16 2
4 3 2 5 0 3 4 2 3 3 3 3 4 3 8 3 3 3 4 7 3 3 3 15 4
2 4 2 4 2 3 5 3 1 1 3 2 3 2 5 2 2 0 2 15 2 2 3 17 3
2 2 2 1 2 0 4 3 1 1 1 2 2 1 3 2 1 2 4 7 5 1 2 19 1
7 6 4 7 4 4 5 5 4 4 4 4 4 0 9 5 4 4 5 8 5 4 5 11 6
0 2 5 4 2 2 7 3 2 4 3 3 3 3 4 3 2 3 3 4 4 4 3 23 3
1 1 3 1 1 1 3 3 1 0 4 1 1 2 1 1 1 1 3 7 1 2 2 3 1
11 6 6 13 0 8 18 2 8 6 7 7 10 7 20 8 12 9 9 14 9 8 3 24 13
0 4 4 1 4 2 5 4 2 4 3 4 5 4 6 4 3 4 5 8 5 5 4 43 5
1 2 1 1 1 1 4 2 1 1 1 1 1 2 2 1 1 1 3 8 4 0 2 16 1
1 1 3 1 2 1 4 1 1 0 1 1 1 2 2 1 1 2 4 18 4 1 2 17 1
2 2 2 2 1 2 5 2 2 2 0 1 2 2 3 2 1 2 2 6 4 1 2 15 2
1 2 1 0 1 1 10 3 1 2 1 1 1 2 2 1 1 1 2 5 4 1 2 18 1
6 5 4 7 3 4 4 4 3 3 3 4 4 0 9 4 4 4 4 9 4 4 4 11 4
5 5 3 4 3 3 4 3 3 3 3 0 4 4 9 4 3 4 4 8 5 3 4 17 4
2 2 1 1 1 0 11 3 1 2 4 1 1 2 2 1 1 1 2 5 2 1 2 15 2
1 1 4 1 1 1 4 1 2 1 1 3 1 1 2 1 1 1 3 8 5 1 2 8 0
3 4 2 3 0 3 4 2 3 3 2 2 3 2 5 4 3 3 4 8 4 2 13 19 2
0 1 5 5 1 1 3 1 1 2 1 1 1 2 2 2 1 1 3 8 4 1 4 18 2
1 1 5 1 1 1 2 2 1 2 1 1 2 2 0 1 1 2 2 2 2 1 1 13 1
7 5 0 10 1 5 6 3 4 6 6 4 6 4 15 6 8 5 5 18 5 5 5 19 6
11 9 2 13 0 8 2 1 7 6 7 5 10 5 21 9 10 8 7 13 7 7 4 28 10
5 4 5 11 0 5 4 18 6 6 5 4 5 3 12 6 7 7 7 8 5 3 31 16 5
2 1 5 2 1 1 7 4 1 1 0 2 2 1 2 2 1 2 4 10 5 3 6 15 1
1 2 1 0 1 2 14 3 1 2 2 2 2 2 2 1 2 2 3 4 3 1 2 25 2
3 3 4 6 0 3 2 2 2 2 3 2 3 2 6 3 3 3 4 9 3 2 5 18 4
1 1 2 2 1 1 3 2 0 1 1 1 1 2 1 1 1 1 1 9 4 1 4 8 1
2 2 4 3 4 1 5 2 2 4 1 3 1 2 5 4 2 3 4 4 1 3 4 19 0
1 2 3 2 1 0 3 2 1 1 1 1 1 2 1 1 1 2 3 1 4 1 2 4 1
1 2 5 2 1 1 4 0 1 1 2 1 2 2 2 3 1 1 3 11 2 2 4 18 2
1 1 0 2 1 1 3 2 1 2 2 2 2 2 2 2 2 1 2 8 5 2 4 18 2
0 2 1 3 1 1 12 1 2 4 6 3 3 3 2 2 2 3 3 6 1 3 2 28 4
2 2 4 2 1 1 13 1 1 2 2 1 0 2 2 3 1 2 2 6 2 1 1 3 1
2 4 2 3 2 2 3 3 1 0 3 2 2 2 4 2 2 2 2 20 4 1 3 9 2
4 4 4 4 3 3 5 4 4 4 1 3 3 3 8 5 3 4 5 9 4 0 4 15 3
1 1 0 2 1 1 10 2 1 2 1 1 1 2 1 1 1 1 2 5 5 1 2 16 1
2 2 2 3 1 2 10 4 1 2 2 3 2 0 4 3 2 2 3 7 2 2 4 15 2
1 1 5 0 2 1 2 2 2 2 2 2 2 2 2 2 1 2 2 6 5 2 2 20 2
1 2 3 2 1 1 4 2 1 0 1 1 1 2 1 1 1 2 4 7 4 1 1 15 1
4 3 4 4 0 2 8 3 3 3 3 2 3 2 4 3 2 3 3 7 3 2 6 9 3
2 0 2 1 1 1 5 1 1 2 2 1 2 2 2 2 2 1 3 7 4 2 6 16 2
1 2 3 3 0 1 4 2 1 2 1 1 2 2 1 1 1 1 2 8 4 1 4 16 2
2 2 2 1 2 1 4 2 1 2 2 3 2 0 4 2 1 2 2 7 1 2 2 19 2
1 1 3 2 0 1 3 2 1 1 1 1 1 2 1 2 1 1 1 9 4 1 6 8 1
1 1 1 3 1 0 11 4 1 2 2 1 1 2 1 2 1 1 3 7 1 2 2 3 1
3 3 0 6 1 3 2 2 4 4 4 3 4 3 7 4 4 4 4 7 4 3 1 19 4
1 1 5 4 1 1 1 0 1 1 2 2 1 1 2 1 1 1 2 7 2 1 1 17 1
2 3 2 4 1 2 2 1 2 2 2 2 3 2 3 2 2 2 3 7 4 2 0 16 2
2 3 5 0 3 2 3 4 2 4 2 2 4 3 5 4 2 4 4 6 5 3 4 44 3
3 2 1 3 2 2 3 2 2 2 0 2 2 1 4 2 2 2 2 7 5 3 2 5 1
1 2 3 0 1 1 2 2 2 3 2 2 3 2 2 2 2 2 2 7 5 3 5 23 3
1 1 1 1 1 1 3 2 1 0 1 1 1 2 1 1 1 2 1 5 4 1 1 17 1
2 2 3 1 2 1 3 2 0 1 1 1 1 2 2 1 1 1 1 8 4 1 3 16 1
2 1 0 3 1 2 3 2 2 2 3 2 2 2 2 2 2 2 2 7 3 1 1 10 2
2 3 2 5 2 2 8 3 2 2 4 2 0 2 4 3 2 1 4 10 2 1 3 17 1
2 2 2 1 1 1 4 3 1 2 0 1 1 2 2 3 1 1 2 8 7 3 4 2 1
2 0 5 4 1 1 3 3 1 2 2 2 2 2 1 3 2 2 3 8 4 2 8 6 2
0 2 2 4 2 2 5 3 1 2 4 3 2 3 3 3 1 2 3 8 4 3 2 15 2
1 2 6 2 2 1 2 3 0 1 1 2 2 1 3 3 1 1 1 12 4 1 2 20 2
2 1 0 1 1 1 11 2 1 1 2 1 1 2 1 2 1 1 2 5 4 1 1 16 2
2 2 2 2 2 0 3 3 1 1 2 3 1 1 2 2 1 2 3 4 2 1 3 4 1
1 2 1 3 1 1 3 2 2 2 0 2 2 1 3 2 2 1 2 7 5 3 2 19 2
9 10 5 7 5 5 5 5 2 3 4 3 5 4 11 4 5 5 0 25 5 4 5 15 5
2 0 1 2 1 1 3 2 1 2 2 1 2 2 2 2 1 1 2 9 2 2 4 7 2
2 4 3 4 1 3 0 2 2 3 3 2 4 2 4 3 3 3 3 13 3 3 4 18 4
3 3 0 3 1 2 13 2 2 2 2 2 3 2 4 2 2 2 3 7 4 1 5 15 2
3 4 3 3 3 3 11 3 3 3 3 0 3 4 8 4 3 3 3 7 4 3 3 17 3
6 7 4 5 4 4 4 5 4 4 1 3 5 4 9 5 4 5 5 11 0 9 4 19 6
1 0 5 1 1 1 3 2 1 1 1 1 1 2 2 3 1 1 2 8 5 2 4 16 1
2 1 0 2 1 1 5 2 1 1 2 2 2 1 2 1 1 1 2 7 2 1 2 15 2
2 2 3 2 1 1 2 2 1 2 1 0 1 2 2 1 1 1 3 20 4 1 1 15 1
2 1 3 2 1 1 4 0 1 2 2 2 1 1 1 1 1 2 1 16 2 1 4 4 2
2 2 5 2 1 1 3 2 1 1 0 2 1 2 3 2 1 2 3 7 5 3 4 3 1
4 3 4 3 2 3 4 2 2 3 2 0 3 2 5 3 1 2 3 6 5 2 4 5 2
3 0 1 4 1 1 7 2 2 2 2 3 2 1 2 2 2 2 3 6 5 2 5 14 2
5 6 6 6 3 3 4 4 1 2 3 2 3 3 6 3 2 3 0 23 4 3 4 11 4
2 2 3 3 3 1 4 2 2 2 2 0 2 3 3 2 1 2 2 5 5 1 3 8 2
1 1 5 0 1 1 3 2 1 1 1 2 1 1 2 3 1 1 3 10 5 1 4 17 1
2 0 2 2 2 1 8 3 1 2 2 1 1 2 2 2 1 1 2 11 2 1 2 15 2
1 4 4 0 4 2 4 4 3 4 4 3 5 3 7 5 3 4 5 9 5 4 5 47 5
9 13 6 8 6 0 13 6 4 6 6 5 6 5 16 8 7 5 8 17 7 7 6 36 7
5 5 3 7 1 4 2 0 5 4 5 3 6 3 12 5 5 5 5 17 5 4 1 17 5
4 3 5 6 1 3 3 3 4 4 4 3 4 3 11 5 4 4 5 16 4 4 0 17 3
2 2 6 7 4 0 11 3 3 4 4 3 4 4 7 4 3 4 5 4 5 4 5 17 4
5 7 6 6 4 5 5 5 3 0 5 3 5 4 9 4 5 7 9 22 6 4 5 16 6
0 2 3 2 2 2 4 3 2 2 3 2 2 2 2 3 2 2 3 8 4 3 2 20 2
0 2 5 2 1 1 2 2 1 2 2 1 2 2 2 3 1 1 3 8 5 2 2 15 1
0 1 1 1 1 1 7 1 1 1 1 1 1 2 2 2 1 1 2 8 4 1 1 17 2
3 3 0 3 1 2 8 2 2 2 2 1 3 2 3 3 3 2 3 8 4 2 11 17 3
3 3 4 4 0 3 2 1 2 2 3 2 4 2 5 3 3 2 3 18 4 2 4 17 3
1 1 1 0 1 1 5 3 1 1 1 1 1 2 1 1 1 1 2 8 5 3 4 15 1
3 1 4 3 1 2 2 0 2 1 2 2 2 2 2 2 2 2 4 8 2 1 1 15 3
4 0 3 4 3 1 11 4 3 3 2 2 1 2 4 2 2 2 3 6 5 2 4 14 2
2 2 3 2 1 1 8 0 1 1 2 2 2 1 3 2 1 2 2 19 3 1 4 7 2
2 2 2 3 1 0 3 3 2 3 1 2 1 2 3 2 1 2 3 7 5 1 4 15 1
2 3 2 2 2 1 4 3 1 1 1 1 1 2 2 1 1 0 1 12 5 1 3 7 2
1 1 3 0 1 1 4 1 1 1 1 2 1 1 2 2 1 1 2 18 5 2 1 18 1
3 2 2 4 0 3 4 1 2 3 3 2 4 2 4 2 3 3 3 26 4 3 3 16 3
7 11 6 8 6 6 11 6 0 8 6 6 7 6 16 10 6 7 14 45 9 8 8 39 9
1 2 4 0 2 1 3 3 1 2 1 1 2 2 3 3 2 2 2 8 5 2 2 19 2
7 8 7 7 5 5 14 5 3 3 4 3 5 4 9 4 5 0 4 21 6 4 5 13 5
2 2 1 1 1 0 3 3 1 1 1 2 2 1 1 1 1 1 2 8 5 1 2 3 1
1 2 5 4 2 0 1 3 1 2 1 1 1 2 2 4 1 2 2 8 4 1 2 17 1
6 7 2 8 1 5 0 2 3 5 5 3 5 4 11 5 7 5 5 8 5 4 1 17 5
2 0 2 2 1 1 3 3 1 2 1 2 2 1 2 2 1 2 2 6 5 3 8 5 2
2 2 4 1 1 1 8 3 2 2 0 2 2 1 2 2 1 1 2 17 4 1 14 16 2
1 2 1 2 1 1 4 2 1 1 1 2 1 0 2 1 1 1 1 8 5 1 1 15 1
2 3 2 2 1 2 3 2 1 0 2 2 2 2 4 2 2 1 2 14 1 2 2 17 2
2 3 3 5 1 2 0 2 1 3 2 2 3 2 5 4 2 2 1 19 4 2 5 15 2
0 2 5 1 2 1 7 2 2 5 3 3 3 3 2 2 2 3 4 4 4 4 2 15 2
2 2 1 2 1 2 4 2 2 2 1 2 2 2 2 3 2 1 4 9 3 0 2 15 3
4 4 3 4 3 3 4 4 2 0 2 2 3 3 5 2 3 4 6 15 5 3 3 8 3
3 2 2 0 2 1 4 2 1 3 1 2 2 1 3 2 1 2 2 7 7 3 2 30 2
1 2 3 1 1 0 2 3 1 2 1 1 1 2 2 2 1 1 3 3 5 2 4 16 1
2 1 2 2 1 1 3 3 1 2 1 1 1 2 2 2 0 1 2 7 5 1 2 3 1
7 9 3 10 0 6 7 2 7 7 5 6 8 4 17 8 10 8 8 12 6 6 13 26 7
5 7 6 5 4 3 4 4 2 0 3 3 3 3 6 3 3 3 5 13 5 3 4 9 5
0 2 4 5 1 1 8 3 1 2 2 1 1 2 3 2 1 1 2 13 2 2 2 21 2
10 9 10 12 0 7 12 11 6 4 6 5 9 6 26 8 9 8 7 13 6 6 18 26 10
7 9 5 8 5 6 6 5 5 5 5 0 6 5 15 7 6 5 6 19 6 5 5 18 7
2 2 2 2 2 1 5 3 2 2 1 0 2 3 3 2 1 1 2 8 4 1 2 15 2
2 2 2 0 2 1 8 3 1 2 2 1 2 2 3 3 1 1 2 8 4 2 2 22 2
1 2 0 6 1 2 4 1 2 1 2 1 2 2 2 2 2 1 2 18 2 2 2 21 2
5 3 2 4 2 1 4 3 2 3 2 2 2 2 6 4 0 3 3 7 4 2 3 10 3
2 1 5 0 1 1 3 3 1 1 1 1 1 2 2 1 1 1 1 8 4 1 2 16 1
7 6 4 7 4 5 5 5 4 4 0 4 6 4 10 7 6 5 5 9 4 10 4 15 6
3 2 5 1 1 1 4 1 1 1 1 2 2 1 0 2 1 1 2 5 4 1 4 14 1
4 1 5 3 5 1 11 11 2 3 2 2 1 2 2 2 1 2 7 0 5 2 14 3 1
2 2 2 3 2 2 5 3 2 2 1 2 1 1 3 3 2 2 3 3 0 3 3 8 1
3 3 4 4 0 2 4 2 2 3 3 2 3 2 6 3 3 2 3 7 5 2 4 13 3
1 1 5 3 0 1 4 2 1 2 1 2 1 1 2 1 1 1 2 8 5 1 8 5 2
2 2 1 2 2 1 13 3 2 2 2 1 0 2 2 2 1 1 3 5 3 1 5 15 1
4 5 0 5 2 5 9 2 3 5 4 3 6 4 10 5 6 4 4 8 4 4 2 25 6
4 3 1 4 1 1 11 8 2 2 0 1 2 2 3 2 1 1 4 8 79 3 14 6 2
1 1 3 0 1 2 4 2 2 2 2 2 3 2 2 2 2 2 3 7 2 2 4 38 2
7 7 9 7 6 6 8 8 6 6 0 7 6 5 16 10 6 5 8 12 7 10 6 20 7
1 2 2 2 1 0 4 2 1 3 2 1 3 2 1 2 2 2 3 5 5 3 6 17 2
3 3 5 3 0 2 5 2 2 1 2 2 2 1 3 2 2 1 2 8 5 1 4 7 2
0 1 3 2 1 1 3 3 1 1 1 2 1 1 2 2 1 1 1 13 5 2 1 18 1
10 9 7 11 8 0 13 12 8 9 7 4 5 7 17 7 7 9 12 17 8 6 9 28 9
2 3 2 4 2 3 3 3 2 0 2 2 3 2 5 3 2 4 5 22 4 2 2 18 3
1 1 4 1 2 1 14 1 1 1 2 2 1 1 1 1 1 2 4 4 3 0 2 13 2
8 8 7 8 6 5 13 6 5 0 6 4 8 5 11 7 6 9 12 31 7 6 6 14 7
1 1 3 4 1 2 5 3 1 3 0 1 2 2 2 3 2 2 3 7 21 4 6 17 2
1 1 3 1 1 1 4 1 1 0 1 1 1 2 1 1 1 2 2 13 4 1 3 8 1
4 4 3 3 4 2 4 4 2 0 2 2 3 1 5 2 2 3 6 15 5 2 3 9 3
3 3 3 2 2 1 4 2 1 1 0 2 1 1 2 2 1 1 2 17 25 3 2 15 2
1 2 5 7 1 0 1 4 2 3 1 2 2 2 1 2 1 2 2 2 4 3 20 16 2
1 2 3 2 1 1 1 2 0 2 2 1 2 2 3 1 1 2 2 7 2 2 1 17 2
6 5 1 7 0 4 2 2 4 5 4 3 6 3 13 5 6 5 5 8 5 4 2 17 6
2 2 5 1 1 1 2 2 1 0 2 2 1 1 2 1 1 2 4 8 5 1 3 15 2
5 5 5 10 3 1 5 5 2 4 3 2 3 3 8 0 3 3 5 25 7 3 6 16 5
0 1 5 2 1 1 4 2 1 1 1 1 1 2 1 3 1 1 1 5 5 2 4 17 1
7 6 4 8 4 3 4 4 0 2 3 2 4 3 6 3 3 3 1 7 5 4 4 18 4
1 3 1 0 1 1 10 3 3 4 5 4 6 4 4 4 4 4 5 9 6 4 4 38 6
6 7 5 7 0 4 13 10 4 4 3 3 5 3 14 5 4 4 4 8 4 3 22 15 5
2 2 5 2 1 1 0 2 2 2 2 2 2 1 1 2 2 1 2 8 5 1 4 16 2
6 3 4 6 4 3 15 4 3 5 3 2 3 4 0 3 2 4 6 8 4 4 13 25 3
1 1 0 2 1 1 8 3 1 1 1 2 1 1 1 1 1 1 2 13 5 1 2 4 2
2 1 0 2 1 1 3 2 1 1 1 2 1 1 1 1 1 1 1 7 5 1 4 8 1
4 4 3 5 2 3 3 3 1 3 3 2 3 2 7 4 3 4 0 20 4 2 3 14 3
3 6 3 6 4 2 3 8 3 3 3 3 4 3 9 0 4 4 6 22 5 2 10 18 5
1 3 3 0 1 1 2 2 1 2 1 2 2 2 2 1 1 2 2 1 5 2 2 18 2
2 3 1 2 2 1 5 3 1 0 2 2 2 2 4 2 1 3 4 16 5 1 2 15 1
16 22 15 25 0 15 18 15 11 9 11 8 16 8 45 16 18 13 14 22 11 13 37 44 14
3 3 0 4 1 2 8 4 2 2 4 2 3 2 6 2 3 2 3 19 3 2 1 15 3
3 3 3 5 2 2 3 3 0 3 2 2 3 2 4 5 2 3 5 31 4 2 3 19 3
4 3 5 3 2 0 3 3 2 3 2 1 2 2 4 3 1 2 2 7 4 1 4 7 2
1 0 1 2 1 1 8 3 1 2 2 1 1 2 1 1 2 1 2 7 2 1 4 17 1
1 2 1 1 1 1 4 3 1 2 1 2 1 0 1 1 1 1 1 8 5 2 2 16 1
2 0 3 2 2 1 4 3 1 2 2 2 2 2 2 2 2 2 2 5 4 2 3 16 2
2 3 3 2 2 1 7 3 2 3 1 3 1 2 4 3 2 3 4 3 0 3 3 14 2
3 2 0 4 1 3 5 7 2 2 3 2 3 2 4 3 3 2 3 8 5 2 6 13 3
3 4 4 4 3 4 4 4 2 2 3 2 3 4 5 3 3 0 3 22 4 2 4 17 4
3 3 5 4 2 3 7 3 2 3 3 1 3 0 4 3 3 3 3 7 5 2 4 15 3
1 0 1 2 1 1 8 3 1 3 1 2 2 1 1 3 1 1 2 9 5 3 4 8 2
9 12 7 9 8 7 7 7 5 0 6 4 9 6 15 6 8 5 12 27 25 7 7 17 7
4 2 0 4 1 2 3 1 2 3 3 2 3 2 4 3 3 3 3 7 4 2 2 15 3
2 2 3 2 2 1 2 3 1 1 1 1 2 2 2 0 1 2 2 5 5 3 2 3 2
5 4 0 7 1 4 8 2 3 4 4 3 5 3 9 4 4 3 4 5 4 3 5 15 5
15 14 0 14 2 10 12 11 8 7 8 6 12 7 20 9 13 9 10 16 8 8 18 28 10
0 3 3 4 2 1 4 2 1 2 2 2 2 2 4 2 2 2 2 5 4 2 3 18 2
3 4 3 3 2 3 4 3 2 2 1 2 3 2 6 3 2 2 3 8 0 4 3 17 4
13 9 0 20 1 11 10 9 10 9 11 9 16 7 34 14 16 13 13 19 9 10 10 40 13
1 2 1 0 1 1 4 3 1 3 2 1 3 2 3 3 2 3 3 7 4 3 4 19 3
2 3 3 4 3 2 4 3 2 2 2 2 2 2 4 2 2 3 2 8 4 2 3 17 0
3 4 4 4 4 3 5 3 2 1 1 2 3 2 3 2 2 1 0 22 1 3 3 7 4
2 0 3 1 1 1 3 2 1 1 2 1 2 2 1 1 1 1 2 7 4 1 6 16 1
6 5 5 8 1 6 7 8 5 6 5 4 8 4 13 6 6 5 6 12 6 5 0 18 6
0 2 3 2 2 1 3 3 1 1 2 2 3 2 2 2 2 3 4 19 5 3 2 21 3
0 1 3 4 2 2 4 3 2 2 2 2 1 2 2 2 1 2 3 5 5 2 2 17 2
2 2 2 1 1 1 4 3 0 1 1 1 1 2 1 3 1 1 1 7 5 1 2 9 1
6 5 4 6 4 5 5 5 3 4 3 0 4 3 10 5 4 4 5 9 5 4 5 14 5
3 2 0 3 1 1 3 2 2 2 2 2 2 1 3 2 1 1 3 9 4 1 4 11 2
9 5 0 11 1 7 9 2 6 6 8 6 11 6 19 7 12 6 7 18 7 7 3 24 11
0 2 2 1 2 1 4 3 2 3 1 2 1 1 2 3 1 2 3 8 5 2 2 16 2
2 1 0 1 1 1 3 2 1 2 1 1 1 2 1 4 1 1 1 24 4 1 5 11 1
5 4 3 5 0 4 11 2 4 3 4 3 4 3 7 4 4 4 4 7 4 3 4 15 4
4 3 2 5 0 3 5 2 3 3 3 2 3 2 5 4 3 3 4 10 3 2 4 11 4
4 3 4 6 1 3 13 0 3 3 4 3 4 2 7 4 3 3 3 7 3 3 2 16 4
7 9 6 7 5 6 6 6 6 4 0 4 6 4 14 8 7 5 6 12 17 11 5 18 7
4 1 5 4 1 1 14 0 2 3 2 2 2 2 1 2 2 2 3 7 2 2 2 10 3
0 2 4 2 5 3 8 5 4 7 5 3 5 3 4 4 3 6 5 5 6 6 5 23 6
6 7 5 7 5 5 4 5 4 4 3 0 5 5 13 6 5 5 5 9 4 4 5 17 5
3 2 5 3 1 1 1 2 2 0 2 2 1 1 3 2 1 2 4 17 5 1 4 6 1
4 0 5 3 3 3 4 4 2 4 4 2 3 3 2 3 3 3 3 8 4 3 5 16 4
10 11 5 14 0 7 7 6 8 5 8 7 11 6 18 8 11 8 9 24 9 8 15 24 11
3 2 0 3 1 1 3 2 2 1 1 2 1 1 3 2 2 1 2 7 1 2 1 10 2
5 7 3 7 3 3 3 4 4 4 1 4 4 4 10 5 5 4 5 9 0 3 4 16 5
1 2 3 2 1 1 4 2 1 2 1 1 2 2 2 0 1 1 2 7 4 1 3 15 2
4 5 5 6 2 3 8 3 3 2 1 4 2 0 5 4 3 2 4 4 4 1 2 15 1
6 3 2 7 1 4 0 1 4 5 4 3 5 4 9 5 4 4 5 8 5 4 5 17 5
2 4 4 3 4 2 4 5 2 4 1 2 2 3 5 3 2 3 3 6 3 0 4 17 3
2 3 5 5 1 3 8 0 2 2 3 2 3 2 6 3 3 2 3 8 2 2 1 22 3
4 6 6 5 4 4 4 4 4 3 0 3 4 3 9 5 3 2 4 13 4 3 4 20 4
2 3 3 0 2 2 2 2 2 4 3 2 4 2 5 3 2 3 4 7 3 3 2 42 3
2 2 0 3 1 2 4 2 2 2 3 2 3 1 3 2 2 2 3 21 3 1 1 16 3
6 3 2 4 4 3 20 3 3 4 4 3 3 3 7 3 0 3 4 7 3 3 6 14 4
8 6 2 10 0 5 2 2 4 6 5 4 7 4 16 5 6 5 5 8 5 5 5 18 7
9 10 5 13 0 8 18 12 7 7 7 5 11 6 21 8 10 8 9 19 9 8 34 21 10
7 5 5 5 0 3 1 3 2 3 4 2 2 2 6 3 3 2 4 8 3 1 1 9 2
1 2 2 2 1 1 3 1 1 2 1 1 0 2 2 2 1 1 2 8 4 1 1 14 1
2 1 4 3 1 1 4 3 1 0 2 1 1 2 1 1 1 2 4 8 4 1 5 9 2
1 1 4 0 1 1 13 1 1 1 2 2 1 1 1 1 2 1 3 3 3 1 1 9 1
2 2 1 2 1 0 3 3 1 2 1 2 1 1 2 2 1 1 2 8 4 1 1 10 1
5 5 5 5 2 3 4 3 3 3 0 2 4 3 7 4 3 3 4 7 5 6 5 8 4
6 6 3 5 3 2 8 11 2 3 0 4 3 4 7 4 3 3 4 6 5 3 8 16 2
4 3 0 3 1 2 13 3 3 2 4 2 2 2 4 4 3 2 4 10 2 1 2 24 2
1 1 1 1 1 0 4 2 1 1 1 1 1 2 1 2 1 1 2 19 5 1 2 15 1
1 2 2 1 1 1 3 2 1 1 0 1 1 2 1 1 1 1 1 9 4 1 2 4 1
1 2 1 3 1 0 3 3 2 2 2 1 2 2 2 2 1 1 2 7 5 1 5 17 1
2 3 5 2 2 2 4 3 2 2 0 3 2 3 5 3 2 3 3 7 3 2 3 20 3
7 8 6 6 4 5 5 5 4 0 3 4 5 5 9 4 5 6 8 22 5 3 4 15 6
6 7 4 9 4 4 5 4 0 3 4 2 4 3 8 6 4 3 2 28 4 4 4 27 4
3 3 2 3 2 1 8 2 2 2 0 2 2 1 5 3 1 2 3 7 20 4 2 10 2
5 4 0 9 1 5 2 2 5 6 6 4 7 4 12 6 8 5 7 9 5 5 2 19 7
3 4 6 5 2 3 3 3 3 2 4 2 3 2 5 4 3 3 4 6 0 2 4 18 4
9 9 5 8 5 6 11 7 5 5 5 0 6 4 15 7 8 5 6 18 6 5 6 17 6
4 5 4 4 1 4 5 0 3 3 4 3 5 2 9 3 5 3 3 18 3 3 1 17 4
1 3 5 4 1 1 3 2 2 2 1 1 0 2 2 2 1 1 2 10 5 1 5 18 1
2 2 2 2 0 2 2 1 1 1 1 2 2 1 3 1 2 1 2 7 4 1 4 14 2
2 0 2 2 2 1 8 3 1 1 2 1 2 2 2 2 2 1 2 5 4 1 2 7 2
5 4 4 4 2 3 5 2 1 1 3 2 3 2 4 3 2 1 0 22 2 2 3 11 3
0 3 4 3 3 2 5 3 1 2 2 2 2 2 2 3 1 2 2 8 5 2 4 20 2
1 2 3 1 2 1 2 3 1 1 2 1 1 2 2 0 1 1 1 8 5 1 8 8 2
0 2 3 4 2 3 3 3 2 3 2 3 3 2 4 3 2 2 3 8 3 3 4 19 4
1 1 4 1 3 1 7 2 2 3 2 1 1 2 3 2 2 2 4 1 2 0 3 20 2
14 15 0 16 4 11 14 1 9 10 9 8 16 7 30 11 14 11 12 22 9 10 13 32 15
1 1 1 5 1 1 12 3 2 1 2 0 1 2 2 2 1 1 3 15 4 1 2 19 2
5 2 0 8 1 4 4 2 4 5 6 3 6 3 7 5 6 5 5 7 4 4 2 19 6
2 2 2 1 1 0 4 3 1 1 1 1 1 2 2 2 1 1 2 8 5 2 2 15 1
2 3 2 2 1 1 3 3 1 2 2 2 0 1 2 1 1 2 2 8 2 1 2 4 1
2 1 5 2 1 1 8 1 1 1 1 2 1 0 1 3 1 1 1 7 4 1 1 8 1
1 1 1 1 1 1 12 4 1 1 2 3 2 0 2 1 1 1 2 18 3 1 2 4 1
5 8 0 16 1 7 3 2 5 6 4 4 6 4 11 5 6 5 6 8 4 4 15 24 6
2 4 3 3 1 4 0 2 2 4 3 3 4 3 7 3 4 4 3 20 3 3 6 25 4
2 2 1 2 1 1 3 2 0 1 1 1 2 2 2 3 2 2 2 8 4 1 2 15 2
6 7 5 6 4 5 5 5 1 1 4 3 4 3 8 5 4 2 0 10 4 4 4 16 4
4 0 4 5 3 3 4 5 3 5 4 3 2 3 5 4 4 4 6 7 4 2 5 17 3
7 6 4 6 4 4 4 4 1 1 3 3 3 3 8 3 4 1 0 22 4 3 4 14 4
2 2 3 2 1 1 0 2 2 2 2 1 2 2 1 2 1 2 2 7 4 1 4 15 2
3 1 5 3 1 2 3 2 2 0 2 2 2 1 2 2 2 3 4 14 5 2 6 11 2
1 0 3 4 3 2 10 3 2 4 2 2 2 2 2 2 1 1 4 4 4 2 5 13 2
10 13 7 0 6 8 6 7 6 10 11 8 13 8 19 10 12 11 11 20 12 14 8 55 13
2 0 3 1 1 1 1 2 1 2 1 1 2 2 1 2 1 1 2 8 5 1 2 9 2
18 13 0 17 2 12 7 1 11 12 11 8 14 8 27 14 16 12 14 21 11 13 2 30 16
6 7 4 7 3 5 4 4 4 0 5 4 6 4 9 5 5 7 9 26 6 4 4 16 7
2 2 1 2 1 0 3 2 1 2 1 2 2 1 1 1 1 1 2 7 5 1 4 2 1
0 1 1 4 1 1 3 1 1 1 1 2 1 1 1 1 1 1 1 8 4 1 2 16 1
7 7 8 6 0 5 14 10 4 5 3 3 5 3 15 5 5 4 6 7 4 4 21 14 5
2 1 4 1 1 2 4 3 1 0 2 2 2 2 3 2 2 3 5 9 4 1 2 16 2
4 4 4 4 0 3 2 2 3 4 2 2 3 2 7 3 3 3 3 7 4 2 4 16 3
0 1 1 5 1 1 3 2 1 1 1 2 2 1 1 2 2 1 3 13 4 2 1 18 2
6 12 5 8 5 5 7 5 4 4 4 3 5 4 12 0 5 5 8 29 5 4 5 22 7
1 0 4 3 1 1 3 1 1 3 2 1 1 2 1 2 2 2 2 21 4 2 7 13 1
1 2 3 2 1 1 4 3 1 1 1 2 0 1 1 2 1 1 2 10 5 1 8 8 1
2 2 5 9 2 2 3 3 3 3 2 0 2 2 5 2 2 3 4 3 2 1 3 18 1
1 2 6 0 1 1 4 10 1 1 1 2 2 2 3 3 2 1 4 19 5 2 14 18 2
7 4 2 9 0 5 3 2 5 5 5 3 8 4 12 5 6 5 6 9 5 5 1 14 7
3 2 4 3 1 2 0 2 2 2 2 2 2 1 3 2 2 2 3 7 4 1 4 9 2
1 0 3 1 1 1 3 1 1 2 1 1 2 2 1 1 1 1 2 7 5 1 4 14 1
6 6 4 6 4 4 4 4 2 4 4 3 5 3 9 0 4 4 6 30 4 4 4 16 5
1 2 5 0 2 2 4 1 1 3 3 3 3 2 3 2 2 2 3 6 4 2 2 27 3
5 6 3 6 2 3 3 3 0 2 3 2 3 3 7 5 3 2 2 33 5 3 4 17 3
4 4 5 5 0 3 8 2 3 4 3 2 4 2 9 3 3 3 4 7 5 3 1 15 4
4 5 3 5 2 3 3 3 3 3 0 3 4 2 8 5 3 3 4 7 5 6 4 16 4
2 2 3 4 1 2 0 2 2 1 2 2 2 2 4 3 2 1 4 9 4 1 1 15 3
3 2 4 3 1 2 4 0 2 1 2 2 2 1 3 3 2 1 4 9 4 1 2 15 2
5 5 4 8 0 4 3 1 3 2 2 2 4 2 11 5 4 3 4 18 5 3 7 16 5
1 2 1 1 1 1 3 2 1 1 1 1 1 2 2 1 1 2 2 8 4 1 4 4 0
6 5 0 8 1 4 7 3 4 4 4 4 6 4 13 5 6 5 5 8 4 4 6 17 5
0 1 5 4 1 1 3 2 1 1 1 1 2 2 1 1 1 2 2 7 4 2 2 18 1
1 1 1 2 2 1 3 2 1 1 0 1 1 2 1 1 1 1 2 8 5 1 1 17 1
2 4 4 3 3 3 3 3 2 3 2 2 4 2 5 3 2 3 4 6 2 0 3 16 3
1 2 5 4 0 1 8 2 1 2 2 2 2 1 2 2 1 1 2 15 2 2 4 18 2
3 2 6 4 4 0 4 4 2 4 4 2 3 3 5 5 3 3 4 8 5 4 5 17 4
2 2 0 4 1 2 4 2 2 2 2 1 2 2 3 2 2 2 3 7 2 2 1 18 2
3 0 3 3 2 1 4 4 2 2 2 2 1 2 3 3 2 3 3 7 4 2 4 10 2
6 6 0 11 1 5 2 2 4 6 6 4 8 4 15 7 8 6 7 26 6 5 3 19 8
2 1 2 2 1 1 3 3 1 1 2 1 0 2 2 1 1 2 2 8 5 1 1 4 1
1 1 5 1 2 0 3 3 1 1 1 2 1 1 2 2 1 1 2 5 5 2 4 15 1
4 4 5 3 2 2 7 2 2 1 2 2 3 2 5 3 2 0 3 9 5 2 4 15 2
0 2 5 2 1 1 3 4 1 2 1 1 1 2 2 2 1 1 2 8 5 2 4 19 1
4 2 3 4 2 2 5 3 1 2 2 3 3 0 4 4 2 1 3 11 2 2 3 8 2
2 2 0 3 1 1 10 2 2 2 2 3 2 1 3 2 2 1 2 8 1 2 4 9 2
4 3 5 4 4 3 8 3 2 0 3 2 4 3 4 3 2 3 6 21 5 3 3 8 3
1 1 4 3 1 1 0 2 1 2 2 1 2 2 1 2 2 1 2 8 4 2 3 16 1
1 1 0 1 1 1 8 3 1 1 2 1 1 2 1 2 1 1 3 7 2 1 2 16 1
1 0 5 5 1 2 13 2 1 1 4 2 1 1 2 2 2 2 3 7 2 1 5 19 2
2 1 2 1 1 0 5 3 1 1 1 3 1 1 1 2 1 1 2 6 5 1 4 12 1
1 1 0 1 1 2 8 1 1 2 1 3 2 1 1 2 2 2 4 3 2 1 2 22 1
3 4 1 4 1 2 11 2 2 1 2 2 0 1 5 2 1 2 3 7 4 1 2 11 1
6 8 6 6 5 5 6 6 6 5 2 4 5 3 12 6 6 5 7 10 0 10 5 21 6
1 1 1 1 1 1 3 3 0 1 1 1 1 2 1 2 1 1 1 6 5 1 2 14 1
1 1 1 0 1 1 3 2 1 2 1 1 3 2 2 3 1 2 2 7 4 2 7 15 2
6 6 5 6 0 5 3 6 4 5 3 3 6 4 14 6 5 5 5 8 5 4 15 17 6
3 0 6 3 1 1 9 4 1 2 4 1 1 3 2 2 1 1 2 24 2 2 16 8 1
4 4 3 5 1 3 7 2 4 4 4 3 4 3 9 4 4 4 5 13 4 2 0 17 4
2 4 4 3 3 1 7 3 2 3 1 1 0 3 7 3 1 2 3 17 4 1 3 18 2
1 1 3 1 0 1 3 2 1 1 2 2 2 1 2 2 1 2 4 7 4 1 4 15 2
2 2 1 0 1 1 5 3 2 3 2 2 1 2 2 2 1 2 4 7 3 1 2 18 2
2 2 4 3 0 2 4 2 2 1 4 2 3 1 4 2 2 3 5 13 3 1 4 17 2
6 5 1 8 0 4 7 2 4 5 4 3 5 4 9 5 5 5 5 7 4 4 2 15 6
2 1 1 2 3 0 11 3 1 2 2 1 1 2 2 1 1 1 2 7 4 1 2 3 1
1 0 1 1 1 1 4 2 1 1 1 1 1 2 2 1 2 1 1 8 5 1 2 16 2
4 4 5 5 5 3 6 6 4 3 1 0 4 5 8 5 3 2 5 9 23 5 5 18 5
0 1 2 4 3 1 5 3 1 2 1 2 1 2 1 1 1 1 3 7 4 1 2 18 1
5 5 4 5 1 4 5 0 3 4 3 3 4 3 8 4 3 3 4 9 5 3 1 15 4
1 2 1 1 1 1 3 3 1 0 2 1 2 2 2 1 1 3 4 10 4 2 2 18 2
5 4 4 5 3 0 8 4 3 4 2 3 4 3 7 4 2 3 4 7 24 3 14 14 4
4 3 5 5 5 4 8 4 3 3 4 2 0 4 7 4 3 3 5 8 4 4 4 16 3
3 2 2 3 2 3 4 3 2 2 2 2 3 2 4 3 0 2 3 13 5 2 3 14 3
2 3 0 3 1 2 10 3 3 4 4 2 5 3 6 3 4 3 3 7 4 4 2 28 5
2 2 0 4 1 2 2 2 2 2 4 3 3 1 4 2 2 2 2 7 2 2 1 18 2
10 11 8 13 8 7 7 7 7 7 5 7 10 0 16 10 9 8 9 15 6 8 7 24 9
6 5 3 6 4 3 5 4 4 4 2 3 2 3 9 5 4 4 5 9 4 0 3 13 3
2 2 1 2 1 1 8 2 1 0 1 1 2 2 2 1 1 2 4 9 5 1 2 9 2
3 4 3 2 3 2 2 3 2 2 0 1 1 2 3 3 1 1 4 8 9 3 3 3 1
2 1 4 1 0 1 3 2 2 2 2 2 2 1 1 1 2 2 2 5 4 1 4 14 2
1 1 3 5 1 1 3 3 1 2 1 0 1 3 2 1 1 1 2 5 5 3 4 16 1
2 3 2 2 1 1 3 3 1 1 1 2 1 1 3 2 1 0 4 14 4 1 5 5 1
2 2 3 2 1 1 0 3 1 1 1 2 1 1 2 2 1 1 2 8 5 1 1 15 1
1 1 5 1 1 1 2 1 1 0 1 1 1 2 2 4 1 2 4 8 4 1 2 2 1
3 1 4 4 1 3 0 2 3 4 4 3 3 3 4 4 4 3 4 7 4 3 1 16 3
13 7 0 15 2 7 10 2 6 7 6 6 10 6 16 8 9 8 8 10 6 6 2 21 9
3 3 2 3 2 2 3 2 2 3 2 1 3 2 3 0 2 3 4 19 5 2 3 14 2
2 0 2 1 2 1 5 3 1 2 2 1 1 2 1 2 2 1 2 8 2 1 2 16 1
9 9 9 11 0 6 12 7 5 6 5 4 8 4 17 6 7 6 6 10 5 5 28 22 7
4 3 3 4 0 3 2 1 3 3 3 2 4 2 5 4 3 3 4 7 3 3 3 16 4
0 6 5 9 3 3 3 4 2 4 4 3 5 4 7 4 4 4 4 8 6 6 6 40 6
0 2 4 2 1 2 3 2 1 2 2 2 2 1 2 2 1 1 2 9 5 2 6 22 3
9 10 7 9 5 6 7 7 6 6 6 0 7 6 15 8 9 7 8 16 7 7 6 19 8
4 4 0 4 1 3 3 2 3 2 2 2 4 2 9 3 3 2 3 13 4 2 6 13 3
5 4 2 5 2 4 3 3 3 3 2 3 5 3 7 4 3 3 4 17 0 4 3 15 4
7 9 7 8 4 6 5 6 3 1 4 4 5 4 9 5 5 0 2 16 5 4 5 15 5
4 2 0 4 1 3 2 2 2 3 3 2 3 2 4 2 3 2 3 7 5 2 1 10 3
3 3 4 4 2 2 8 2 1 3 2 2 3 2 4 0 2 3 5 12 5 2 3 10 3
1 0 1 1 1 1 4 1 1 1 1 1 1 2 1 1 1 2 1 8 5 1 1 8 1
5 7 3 11 0 6 3 2 5 5 5 4 8 4 15 7 6 5 6 10 5 5 3 21 8
1 1 1 3 1 1 4 1 1 2 1 1 1 0 1 2 1 1 2 7 5 1 2 16 1
3 4 2 3 2 2 8 2 2 2 2 0 3 3 5 3 2 2 3 8 4 2 2 15 2
9 8 0 11 1 6 7 2 5 6 5 5 9 4 15 7 8 6 6 14 5 6 13 24 8
4 0 4 4 6 3 13 6 3 5 3 3 3 4 3 3 4 4 4 5 5 3 6 17 4
5 3 4 4 1 3 7 2 3 2 3 2 4 2 5 4 4 3 5 12 5 2 0 16 4
2 1 2 0 2 1 5 3 1 2 2 2 2 1 2 2 1 2 2 5 5 2 2 29 2
5 5 3 6 1 4 0 1 4 5 4 3 4 2 8 5 4 4 5 9 4 3 1 18 5
2 2 3 1 2 1 3 2 0 2 2 1 1 2 1 3 1 2 2 5 4 1 2 10 2
4 4 4 4 0 2 3 2 3 3 3 2 4 3 6 3 3 3 3 8 4 2 14 12 4
2 2 3 2 2 2 2 2 2 2 1 1 2 2 4 2 2 2 2 8 0 1 2 17 2
0 1 6 3 1 1 8 3 1 2 2 1 1 2 3 1 1 1 2 7 4 2 4 20 1
5 0 3 6 2 4 6 2 4 6 6 4 6 4 6 5 6 6 7 9 6 5 3 21 7
2 1 3 1 0 1 4 2 1 1 1 1 2 2 1 2 1 2 4 10 4 1 5 14 2
0 2 1 3 1 1 4 2 1 2 2 2 2 2 2 3 2 2 2 5 5 3 1 19 2
3 3 0 3 1 2 5 2 2 2 2 2 2 2 4 2 2 2 3 8 4 1 2 16 2
2 0 5 7 4 2 4 4 1 3 3 2 2 3 2 2 2 2 2 7 3 3 5 18 2
0 1 1 2 1 1 4 2 1 2 1 2 1 1 2 2 1 1 2 7 5 3 2 17 2
1 1 4 1 1 0 13 1 1 2 2 1 1 2 1 1 1 1 2 7 4 1 4 1 1
9 11 5 12 4 9 5 5 8 6 7 6 10 0 16 12 10 9 10 16 6 7 16 25 6
4 2 0 4 1 2 11 2 3 2 2 2 3 2 3 3 2 2 4 11 4 1 4 11 2
0 2 3 3 1 2 1 2 1 1 4 2 2 2 2 3 1 1 1 8 1 2 1 20 2
8 5 0 9 1 6 9 2 5 6 6 4 8 4 12 6 8 6 6 9 5 5 1 17 8
4 4 4 4 0 3 3 2 3 2 3 2 3 2 5 3 3 2 3 8 5 2 5 11 3
4 4 4 4 3 4 3 3 1 3 3 2 4 3 6 3 3 4 0 28 5 3 3 9 4
1 2 1 0 1 1 3 2 1 2 2 1 2 2 2 2 1 2 3 7 5 1 2 14 2
2 4 2 2 2 1 4 3 2 2 1 1 2 2 3 2 1 2 2 7 5 1 2 9 0
4 4 3 4 1 2 0 2 2 1 2 2 2 2 2 2 2 3 4 17 26 2 8 17 3
1 2 1 2 2 1 8 3 1 2 2 2 0 1 2 1 1 1 3 8 2 1 2 15 1
7 5 4 8 0 5 7 9 4 4 3 3 6 3 13 5 5 5 5 7 4 4 16 16 6
2 3 3 1 1 1 1 2 1 1 1 1 0 2 1 1 1 1 2 13 5 1 2 12 1
1 2 1 2 1 1 3 1 1 1 1 0 1 2 1 1 1 1 1 20 5 2 1 5 1
3 2 4 6 2 3 0 2 3 3 4 3 4 2 7 4 3 3 3 18 2 2 7 17 3
3 4 3 4 3 1 4 4 3 3 2 2 1 3 6 4 2 2 4 9 5 2 4 15 0
9 10 6 8 7 6 6 7 4 7 5 4 6 5 14 0 6 6 11 36 5 6 6 23 8
7 6 4 7 4 4 13 5 3 5 3 0 4 2 9 5 4 4 5 26 4 3 14 12 5
2 1 0 1 1 1 8 3 1 3 2 2 3 2 1 1 2 2 2 7 4 2 2 17 3
8 8 7 13 4 4 5 6 0 5 2 3 3 3 10 7 3 4 6 41 38 4 15 31 6
1 2 3 4 2 1 8 4 1 4 4 3 2 4 1 0 2 3 2 6 4 3 6 3 2
7 8 3 11 0 6 2 1 5 6 6 4 8 4 15 6 6 5 6 9 6 5 4 17 7
3 3 4 3 1 2 4 2 2 2 1 1 3 2 4 3 1 1 3 10 0 3 4 15 2
5 5 5 7 3 3 4 5 4 4 2 3 3 3 9 4 0 4 4 8 23 4 14 17 5
2 3 1 7 1 2 5 1 2 2 2 2 3 0 5 3 2 2 3 20 5 2 2 19 3
2 2 1 2 1 1 4 2 1 2 1 2 2 0 1 1 1 1 2 7 4 1 2 3 2
4 3 6 6 2 1 2 3 0 1 1 1 2 4 2 4 1 1 1 26 5 2 2 11 1
18 22 16 23 15 12 17 17 19 14 13 0 16 12 29 20 22 14 23 34 16 18 15 44 19
1 1 2 2 2 1 4 3 1 1 1 1 1 2 1 2 0 1 2 8 5 1 2 14 1
3 2 4 2 2 3 7 2 1 2 2 2 2 2 3 3 2 0 1 8 5 2 3 9 2
4 3 3 4 3 2 4 4 1 4 2 2 3 3 6 0 2 3 5 24 5 2 3 10 3
4 3 0 5 1 4 4 2 2 2 3 2 3 3 3 3 3 2 3 10 5 2 5 11 4
3 2 4 4 1 2 4 0 2 2 2 2 3 2 3 2 3 2 3 7 4 2 1 15 2
1 0 2 1 1 1 4 2 1 1 1 1 1 2 1 1 1 1 1 8 5 1 3 16 1
8 8 3 11 1 7 0 1 7 8 7 7 9 7 16 9 11 8 9 10 7 8 7 22 10
1 1 0 2 1 1 8 2 1 2 1 2 2 1 2 2 1 1 2 9 4 1 2 16 1
1 1 6 9 4 1 14 2 2 3 1 2 2 1 4 3 2 2 4 9 5 0 4 20 2
6 5 3 8 2 5 0 2 5 6 5 4 6 4 9 6 6 4 6 7 5 4 9 17 5
8 7 8 8 7 0 9 8 6 7 7 4 5 4 14 8 6 6 10 15 7 6 7 30 5
2 1 0 3 1 2 3 1 1 1 2 1 2 2 2 2 2 1 2 13 4 1 1 15 2
1 0 1 1 1 1 4 3 1 2 1 1 1 2 1 1 1 1 1 7 5 1 2 4 1
4 4 3 6 0 4 4 1 3 4 2 2 4 3 6 5 4 4 4 7 5 3 4 17 5
1 1 0 4 1 1 8 2 1 1 2 2 2 2 2 1 2 1 2 7 4 1 1 8 1
1 2 3 2 2 0 2 3 1 1 1 1 1 2 2 1 1 2 4 7 5 1 2 15 1
4 3 4 4 3 3 4 4 2 3 3 0 3 2 7 4 2 3 3 8 5 3 4 16 4
5 4 0 6 1 4 3 1 3 3 3 2 4 2 4 5 4 3 5 10 3 2 1 19 3
6 5 3 7 1 4 0 2 4 4 4 2 4 3 9 5 4 4 5 7 4 3 3 15 4
7 5 0 9 1 5 2 1 5 5 4 4 7 4 12 7 6 5 6 14 5 4 6 17 6
2 1 1 1 1 1 4 2 1 1 2 3 1 0 2 1 1 1 1 8 2 1 1 15 1
2 0 2 1 1 1 4 2 1 1 1 1 1 2 2 2 2 1 2 5 5 1 2 9 2
3 3 4 4 1 2 0 2 2 2 3 2 3 2 4 2 2 2 3 9 2 2 4 10 2
2 2 3 3 3 2 5 3 2 3 2 2 0 2 3 2 1 2 3 7 2 2 3 14 2
4 3 5 4 1 3 3 0 3 2 2 2 3 2 5 3 2 2 3 9 4 2 4 11 3
1 2 2 1 2 1 3 2 2 2 1 0 1 3 2 2 1 1 3 9 5 1 2 18 2
5 5 5 5 4 5 14 5 5 3 3 0 3 2 9 6 4 5 6 9 5 4 5 18 5
0 5 8 2 7 3 15 7 3 7 6 5 5 5 7 3 3 4 4 6 9 7 7 35 7
2 3 2 3 2 1 5 2 1 2 1 1 2 2 2 0 2 2 3 24 5 1 2 7 2
1 0 1 2 1 1 8 1 1 1 2 2 1 1 1 1 1 1 3 16 3 1 5 4 1
3 3 4 3 0 2 3 2 2 2 2 2 3 2 4 2 2 2 2 9 5 1 6 10 2
1 2 1 0 2 2 3 2 1 1 2 2 2 1 3 2 2 1 3 10 5 2 2 30 2
4 3 0 4 1 3 3 2 2 2 3 2 4 2 5 3 4 3 3 22 3 2 1 16 4
10 9 15 11 0 7 19 12 5 6 6 4 10 4 21 6 9 6 7 22 6 6 37 22 8
1 1 2 0 1 1 4 3 1 2 2 1 3 2 2 3 2 1 3 8 4 2 6 18 2
1 1 0 1 1 1 4 2 1 3 2 2 2 1 2 2 1 2 2 7 4 2 1 16 2
5 3 3 5 2 3 3 3 3 3 3 3 4 0 6 4 3 3 4 8 4 2 3 7 3
6 6 4 6 4 4 4 4 3 3 3 4 4 0 8 5 4 4 5 7 3 3 4 9 4
2 5 5 3 4 3 5 5 3 5 3 4 4 4 8 5 4 5 5 7 5 3 5 20 0
1 2 3 1 1 1 1 2 1 1 1 2 1 0 1 1 1 1 2 5 5 1 4 15 1
1 1 5 3 1 1 7 1 1 1 1 2 2 1 2 2 1 2 2 7 5 0 1 17 2
2 2 2 3 1 0 5 3 1 2 2 1 1 2 2 2 1 1 2 7 4 1 2 5 1
3 3 4 4 2 2 4 3 1 2 2 2 3 2 5 1 2 2 0 21 4 2 3 13 2
0 1 4 2 1 1 3 2 1 2 2 1 3 2 2 2 1 2 2 7 4 2 4 17 2
0 6 6 1 5 5 6 6 5 7 4 5 7 5 13 7 5 8 7 16 5 8 6 55 9
5 5 4 6 0 3 4 2 3 4 3 3 4 3 11 4 4 4 4 14 5 3 13 15 4
1 2 5 4 1 1 1 1 1 2 1 1 0 3 1 1 1 2 2 7 5 3 2 14 1
2 1 3 2 2 1 8 3 2 2 2 2 2 2 4 3 2 2 3 7 0 1 2 17 2
1 5 3 0 3 3 3 6 3 6 4 3 5 4 6 4 4 4 5 7 5 4 3 34 4
4 5 3 5 1 4 5 0 3 4 3 3 4 3 9 4 4 3 4 6 4 3 4 17 4
2 0 1 1 1 1 2 2 2 2 2 3 3 1 1 3 1 1 4 7 3 1 1 18 1
1 2 5 2 1 1 2 3 1 1 1 1 2 2 2 0 1 2 3 7 5 1 14 15 2
1 1 5 9 0 1 4 4 2 1 2 2 2 1 3 2 2 2 2 10 4 1 6 18 2
1 2 2 2 2 0 14 2 1 2 4 2 2 2 2 1 1 2 2 24 3 1 2 8 2
4 4 3 4 2 3 3 3 0 2 2 2 3 2 4 4 2 2 1 13 4 2 3 14 3
9 7 0 10 1 6 11 2 5 6 7 4 9 4 12 6 9 6 6 21 5 6 2 21 8
18 12 4 20 1 13 12 3 12 11 13 9 18 8 33 16 15 12 14 23 13 13 0 34 18
7 5 2 8 1 5 0 1 5 4 5 3 6 3 10 6 6 5 7 8 5 5 1 15 7
2 2 3 2 0 1 1 2 1 2 2 2 2 2 2 2 2 1 2 8 5 1 4 15 2
3 4 0 3 1 3 3 2 2 2 4 2 4 2 5 3 4 2 3 9 1 3 1 16 3
2 1 5 2 1 1 5 3 1 0 1 1 1 2 2 2 1 1 1 6 5 1 14 7 1
5 5 5 5 3 3 4 4 4 3 0 3 4 4 8 5 4 4 5 8 3 6 5 17 5
9 7 4 11 0 7 6 5 6 6 6 4 9 5 17 7 8 6 7 11 6 6 14 19 9
2 2 2 3 1 1 4 1 2 1 1 3 2 0 2 2 2 2 4 10 5 1 6 16 2
5 3 0 8 1 3 3 4 3 4 4 3 5 3 11 4 5 3 5 4 3 3 5 16 5
4 1 2 3 5 1 13 12 3 3 4 2 1 3 1 2 0 3 4 2 5 1 13 6 1
1 2 5 3 1 1 5 3 1 2 2 2 3 2 2 1 2 3 0 19 4 2 6 15 2
2 1 0 2 1 1 3 2 1 1 1 2 1 1 1 1 1 1 1 13 4 1 1 3 1
9 9 7 10 5 7 7 6 5 4 5 0 7 5 14 7 7 4 6 15 6 5 5 18 7
2 1 2 3 1 1 8 3 1 2 1 1 0 3 4 2 1 2 2 2 4 1 2 6 2
5 4 3 6 0 3 3 2 4 5 3 2 5 3 9 4 4 4 4 8 4 3 5 16 5
5 4 2 5 2 3 11 4 3 2 2 2 3 2 7 4 2 3 4 10 0 6 3 15 3
2 3 7 5 2 3 4 3 0 2 3 1 2 2 4 4 1 3 1 23 2 2 6 15 3
2 2 1 2 1 1 4 2 1 2 1 1 0 2 2 1 1 2 2 8 4 1 2 8 1
2 2 1 0 1 1 10 3 2 2 3 2 3 2 2 2 2 2 3 5 3 2 6 29 2
2 3 2 5 2 3 4 3 2 3 0 2 3 2 4 3 2 2 4 8 42 6 4 20 3
13 12 2 17 1 11 12 0 9 7 10 7 13 7 26 14 13 8 10 15 9 10 1 32 14
1 2 5 0 1 1 4 4 1 2 2 1 1 2 1 1 1 2 2 7 5 2 4 16 1
1 0 1 2 1 1 5 2 1 1 1 2 2 1 1 2 1 2 2 1 5 1 5 5 1
4 4 3 4 1 3 4 3 2 0 2 3 2 2 5 3 2 4 6 23 5 1 5 8 4
1 1 0 3 1 1 4 2 1 1 1 2 1 1 1 1 1 1 4 10 4 1 1 16 1
1 1 5 0 1 1 3 2 1 2 1 2 1 1 2 1 1 1 2 5 5 2 8 18 2
1 6 5 0 3 4 8 3 2 3 5 3 5 4 8 5 4 3 3 23 6 6 3 46 6
1 2 3 1 1 0 1 2 1 2 1 1 1 2 2 2 1 1 2 7 4 1 4 15 1
3 4 3 4 3 3 4 4 2 0 2 2 3 2 6 2 2 3 6 15 5 2 3 15 3
4 4 5 6 0 4 8 8 3 4 3 3 5 3 7 4 4 4 4 7 5 3 22 16 5
1 0 4 1 3 1 4 3 1 2 2 1 2 2 2 1 2 3 2 1 5 2 4 15 2
3 3 4 2 2 2 2 3 2 1 1 0 2 2 3 3 1 2 3 8 5 3 2 16 1
9 8 3 10 3 3 15 11 0 4 3 3 3 4 7 5 3 3 6 26 5 3 6 30 5
2 0 1 2 1 1 8 2 1 1 1 1 1 2 2 2 1 1 2 8 5 1 1 14 2
2 2 2 3 2 1 3 2 1 2 2 0 2 2 3 2 1 1 2 7 5 1 2 17 2
1 2 1 1 1 1 3 2 0 1 1 1 1 2 1 1 1 2 1 8 4 1 1 16 1
1 2 4 1 1 1 8 2 1 1 1 0 1 2 2 1 1 1 1 19 5 1 6 4 1
3 2 5 3 0 2 4 3 1 1 2 2 2 1 3 4 2 2 4 11 5 1 6 7 2
1 1 1 1 3 1 14 3 1 2 0 1 1 2 1 3 1 2 2 25 4 1 6 3 1
1 2 3 1 1 1 2 2 1 1 1 1 1 2 2 1 1 1 1 9 3 0 2 15 1
1 0 2 2 1 1 4 3 1 2 1 2 1 1 1 1 1 2 2 5 5 2 2 15 1
10 7 8 13 1 6 17 0 7 6 5 4 9 3 19 8 9 5 8 9 4 6 19 25 8
6 7 6 7 5 6 5 5 5 4 0 4 6 5 10 6 6 5 5 9 19 9 5 20 7
2 2 0 3 1 2 4 2 2 2 2 2 3 1 3 2 2 2 3 8 4 1 5 16 2
5 7 4 6 5 5 8 5 4 4 3 0 5 5 10 5 4 3 4 16 4 3 5 17 5
5 3 4 7 0 4 9 6 3 4 4 3 6 3 10 4 4 4 4 7 4 4 2 16 5
3 2 5 2 2 2 2 2 2 2 2 3 2 0 4 3 2 2 3 6 4 1 3 9 1
5 3 0 6 1 4 10 3 3 2 3 3 4 3 9 4 4 3 4 19 3 2 2 15 5
5 3 0 7 1 4 3 2 4 5 4 3 6 4 7 5 4 5 5 6 4 4 1 17 6
6 6 6 9 4 4 4 4 3 4 4 5 5 0 9 6 4 5 6 7 4 3 4 16 5
6 7 4 12 0 7 12 2 7 6 8 6 9 6 18 9 10 6 8 8 7 7 18 23 11
3 3 2 4 2 2 4 3 2 2 2 3 2 1 4 3 2 2 3 8 0 4 3 15 1
2 3 2 1 2 2 5 4 2 1 2 1 0 2 3 2 1 1 1 9 2 1 3 15 2
2 1 3 0 2 2 12 3 2 3 1 1 2 3 3 3 1 1 4 8 4 2 3 18 2
2 2 5 2 1 0 5 2 1 2 2 1 2 2 1 2 2 2 2 8 3 1 8 15 2
3 1 5 2 0 1 4 2 1 1 2 2 1 1 1 3 2 1 4 8 25 1 6 8 2
2 1 1 1 1 0 2 2 1 1 2 1 2 2 2 2 1 1 2 8 4 1 1 4 2
3 3 5 3 1 0 13 2 1 2 2 1 1 2 3 2 1 2 2 9 5 1 14 5 2
2 0 3 1 1 1 3 3 1 1 2 2 2 1 2 2 2 2 3 4 5 1 14 14 2
1 3 5 5 4 0 5 4 2 3 2 2 2 2 4 3 2 2 3 7 24 3 5 19 3
3 4 2 2 2 2 4 3 1 0 2 1 1 2 3 2 2 1 4 13 5 2 4 8 2
5 4 2 6 0 5 2 2 4 5 4 3 4 2 9 5 5 4 5 6 4 3 2 13 5
1 1 4 3 1 1 3 1 2 2 2 3 2 1 1 2 2 2 2 7 2 2 0 17 2
1 1 3 1 0 2 11 2 1 1 2 2 2 2 3 2 2 2 1 13 4 1 6 16 2
5 1 1 6 13 1 20 4 2 3 2 2 2 3 2 2 2 1 5 10 0 4 20 6 2
7 8 6 6 4 5 5 5 3 0 4 4 5 4 9 4 4 4 6 12 5 4 4 11 6
3 4 5 3 2 2 3 3 3 2 1 2 2 3 5 4 2 3 4 6 0 2 3 16 3
3 2 0 5 1 3 3 2 2 3 4 2 3 2 5 3 3 3 3 8 2 2 3 15 3
6 6 5 7 4 4 5 5 3 5 3 3 5 0 10 5 5 4 5 8 5 4 5 14 6
2 3 2 2 2 1 5 3 1 2 2 2 1 0 3 2 1 1 2 19 2 1 2 8 1
2 2 3 3 0 2 2 1 2 2 2 2 3 2 3 3 2 2 3 7 4 2 5 15 2
1 0 3 2 1 1 3 2 1 4 1 1 2 2 1 2 1 2 3 5 5 1 6 13 2
11 17 10 13 9 9 9 9 8 7 0 6 14 8 20 15 13 9 11 20 80 17 8 32 10
1 1 8 6 3 1 2 4 2 1 2 2 2 0 2 3 1 2 4 7 4 2 3 20 1
2 1 3 3 1 1 0 3 1 2 1 2 1 1 2 2 1 1 2 8 5 1 4 10 1
2 0 4 2 3 1 4 4 1 2 2 2 2 2 3 3 2 2 3 2 4 2 4 14 2
2 1 3 2 1 1 2 3 1 2 2 2 2 1 4 2 1 1 4 8 0 2 2 8 2
2 0 6 1 4 1 5 5 3 3 2 3 1 2 1 3 1 2 4 6 3 1 5 7 2
3 2 6 3 2 2 8 4 2 3 2 0 2 4 6 3 2 2 3 7 5 1 15 15 2
4 4 0 5 1 3 4 4 3 3 3 2 4 2 10 2 3 2 3 7 4 3 4 16 4
0 1 4 3 2 1 14 2 1 1 4 1 1 2 2 2 1 1 1 13 2 2 2 15 1
6 9 7 9 7 5 8 8 6 6 2 4 6 5 13 6 7 7 8 13 20 0 8 21 7
7 6 7 5 2 4 4 4 3 0 3 3 4 3 7 4 4 4 7 16 39 3 6 9 5
10 12 8 12 7 7 13 6 0 6 6 4 7 5 17 10 5 5 10 46 6 7 6 38 9
0 3 4 3 2 3 5 2 2 3 4 3 4 3 6 3 2 3 3 6 4 4 3 39 4
13 9 1 15 0 8 5 1 8 7 7 5 10 6 27 9 11 9 8 17 8 8 5 28 11
2 2 3 1 1 0 2 4 1 1 2 1 2 2 1 2 1 1 3 8 4 1 4 14 1
5 6 1 8 1 5 0 1 4 6 6 4 7 5 14 6 6 5 5 8 6 5 2 19 8
0 1 1 2 1 1 4 2 1 2 1 1 1 2 1 1 1 1 2 7 5 2 2 16 2
1 2 2 0 2 2 4 3 2 3 2 1 3 2 3 2 2 2 3 3 25 3 5 28 3
10 8 4 12 1 8 6 0 6 5 7 5 12 5 15 9 10 7 9 23 7 6 1 26 8
3 0 2 1 2 1 4 2 1 1 1 1 2 2 2 2 1 1 2 5 21 1 4 15 1
4 4 5 4 3 3 4 4 1 2 3 2 3 2 5 2 2 2 0 13 5 2 3 12 3
0 2 5 1 1 1 4 1 1 2 1 1 2 2 1 2 1 1 2 5 5 2 2 17 2
7 6 0 9 1 5 4 2 4 3 4 3 6 3 11 5 5 5 5 10 4 4 3 14 6
1 1 2 1 1 1 3 2 1 2 1 1 1 2 1 2 1 0 1 15 5 1 2 15 1
1 1 2 3 1 1 5 2 1 2 2 2 1 1 2 1 1 1 2 7 0 3 4 15 1
5 7 4 6 3 3 4 4 4 4 0 3 4 2 10 5 3 3 5 8 7 7 4 15 4
2 1 5 2 0 1 3 2 1 1 2 3 2 1 2 3 3 2 4 22 5 1 2 17 2
13 10 7 17 0 10 11 7 8 8 9 7 13 7 27 10 14 11 10 17 9 10 18 27 14
1 1 0 2 1 1 14 2 1 2 1 2 1 1 2 2 1 2 1 17 5 1 2 16 1
8 8 9 11 0 6 9 7 5 5 5 4 8 4 19 6 7 5 6 8 5 5 18 20 8
2 1 1 2 1 0 4 3 1 1 1 2 1 1 1 1 1 1 2 8 5 1 2 5 1
1 0 5 2 1 1 1 2 1 1 1 2 2 1 1 3 1 1 2 8 5 1 2 16 2
1 1 0 1 1 1 3 2 1 2 2 1 2 2 2 2 1 1 2 8 4 2 5 16 2
3 2 2 4 3 2 5 3 3 3 1 3 3 2 6 3 3 3 4 7 3 0 3 17 3
1 2 6 0 2 2 4 3 1 2 2 3 2 1 6 4 2 3 6 6 5 2 3 19 2
2 1 5 0 1 1 3 3 1 2 1 2 2 1 2 3 1 2 2 7 5 2 6 19 2
3 3 3 3 2 3 2 2 0 2 2 2 3 2 4 4 2 3 2 29 4 2 2 18 3
6 4 3 8 1 5 0 2 4 6 6 4 6 4 10 5 6 5 5 9 5 5 2 16 7
13 8 0 16 1 9 11 2 7 8 8 6 11 6 21 10 13 7 10 21 7 9 14 29 11
1 2 0 1 1 1 8 3 1 2 1 1 1 2 1 1 1 1 1 9 5 3 5 15 1
3 3 2 3 2 0 3 3 2 3 2 2 2 3 2 2 2 1 3 7 4 1 3 5 2
3 1 1 3 1 2 4 0 1 3 2 2 2 2 4 3 2 3 2 16 4 2 4 11 3
4 2 4 3 4 1 4 4 2 4 2 2 0 3 4 3 1 3 4 3 4 2 3 16 2
0 3 6 5 2 1 4 2 1 1 2 3 2 1 4 2 1 2 4 4 1 3 4 20 2
3 2 2 4 0 3 2 1 3 3 3 2 4 2 6 3 3 3 3 7 4 2 5 17 3
1 1 1 3 1 1 4 3 1 2 1 2 0 1 1 2 1 1 2 7 5 1 2 4 1
1 1 1 2 1 1 5 2 1 1 2 2 1 0 2 2 1 1 2 20 2 1 1 4 1
0 2 4 3 2 3 8 2 2 3 3 2 3 2 3 2 2 3 3 4 4 3 2 25 4
2 1 1 0 1 1 12 3 2 3 2 2 2 2 3 3 2 2 3 4 5 2 6 27 2
3 2 4 3 1 1 0 2 2 2 2 2 3 2 3 3 2 2 3 7 4 1 3 17 2
1 2 1 3 1 0 5 2 1 1 2 2 1 1 2 1 1 1 1 9 2 1 4 15 1
1 0 3 1 2 1 3 3 1 2 4 1 2 2 1 2 2 1 2 5 1 3 3 16 1
12 12 4 17 0 9 5 9 8 9 9 6 12 7 33 11 12 10 10 18 9 10 20 30 13
2 2 0 2 1 1 8 2 1 2 2 2 2 1 2 2 1 1 2 9 4 1 2 11 1
2 2 5 3 1 2 4 3 1 2 2 2 2 1 2 3 2 2 2 8 2 1 0 15 2
2 2 1 2 1 0 10 3 2 2 2 2 2 1 2 2 1 2 3 6 5 2 6 4 2
1 2 0 2 1 1 5 3 1 2 1 1 1 2 1 1 1 1 2 7 5 1 5 15 1
0 3 5 7 2 3 2 3 2 2 4 3 5 3 6 4 3 3 3 7 4 4 2 31 5
0 2 4 2 2 2 13 2 1 1 2 2 2 2 3 2 2 2 4 5 2 2 2 18 2
2 1 1 2 1 1 4 3 1 1 2 1 1 2 0 1 1 1 2 17 2 1 2 4 1
3 3 5 4 1 2 4 0 3 2 1 1 2 2 4 3 2 2 3 16 4 1 4 11 2
2 2 5 8 1 1 13 0 2 2 2 2 2 1 4 1 1 1 2 10 4 1 1 16 2
0 2 1 6 1 1 8 3 1 2 2 2 1 1 1 4 1 1 2 7 4 1 2 18 1
23 25 4 30 4 21 11 0 16 17 17 14 24 12 52 24 23 20 24 28 16 18 7 53 22
2 2 4 1 1 1 2 2 1 1 1 1 1 2 0 2 1 1 1 9 4 1 2 7 1
2 1 0 3 1 1 7 2 2 2 2 2 3 2 2 2 2 2 2 7 5 2 2 18 3
7 4 2 10 1 5 6 0 6 6 6 4 7 5 14 7 6 6 7 9 6 5 2 20 7
7 5 3 8 1 4 0 2 5 4 4 3 5 4 11 5 5 5 5 8 5 4 9 15 5
2 2 0 3 1 1 5 2 1 2 2 2 2 1 3 2 2 1 2 19 2 1 2 16 2
2 1 1 2 1 0 4 3 1 2 1 2 1 1 1 2 1 1 2 5 4 1 4 8 1
1 1 5 3 0 1 4 2 1 2 2 1 2 2 1 3 2 2 2 7 5 1 6 13 1
1 2 1 1 1 1 5 2 1 1 1 2 1 1 1 1 1 1 1 8 5 0 5 16 1
4 5 4 4 2 2 4 2 2 2 2 3 3 0 5 3 2 2 4 11 4 2 3 17 2
1 2 1 4 1 1 4 4 1 1 2 2 1 1 2 1 1 2 1 0 2 1 2 14 2
1 1 1 2 1 1 3 2 1 1 1 2 1 0 1 1 1 1 2 7 5 1 4 17 1
1 1 5 2 1 0 5 1 1 1 4 1 1 2 1 2 1 1 2 7 2 1 2 16 1
7 6 1 10 1 7 0 1 6 6 7 5 9 5 13 8 9 7 8 13 7 6 2 19 9
0 2 5 2 2 1 8 2 1 2 2 2 3 3 2 3 2 2 3 8 4 3 2 16 4
7 7 4 7 3 4 4 4 0 3 3 2 3 3 7 7 2 3 6 19 5 3 3 23 4
1 1 1 3 1 1 3 2 1 2 1 1 2 2 0 1 1 1 1 8 5 2 5 16 1
1 4 0 6 1 2 8 4 4 4 4 3 3 3 7 3 4 4 3 8 5 4 5 27 4
1 1 0 4 1 1 2 1 1 2 2 1 2 2 2 2 2 1 2 9 4 1 1 18 2
3 3 2 3 2 2 3 3 2 0 2 2 3 2 4 2 2 2 5 13 5 2 3 9 3
4 3 3 6 0 3 3 2 3 3 3 2 4 2 6 4 3 3 3 7 3 2 5 18 3
5 4 0 5 1 3 12 3 3 3 3 2 4 2 8 4 4 3 3 7 2 2 7 12 4
5 4 0 6 1 3 3 1 4 4 4 3 4 3 9 4 4 4 4 10 4 4 1 13 5
3 5 4 4 4 3 4 4 3 3 0 2 3 2 7 5 3 3 4 7 4 3 3 17 2
1 2 3 4 2 2 3 3 2 3 0 2 1 2 3 4 2 3 3 6 5 2 3 23 2
2 3 0 4 1 1 8 3 2 3 2 2 2 1 3 2 2 3 2 18 2 2 4 16 1
7 8 10 10 0 7 14 9 5 5 5 4 7 5 18 7 7 6 7 10 6 5 20 22 8
1 1 0 1 1 1 3 2 1 2 2 1 2 2 1 1 2 1 1 21 2 2 1 16 1
7 7 4 11 0 7 11 8 6 5 7 5 10 6 17 8 9 7 8 11 7 6 17 21 10
1 1 1 1 1 1 4 3 0 1 1 1 1 2 1 1 1 1 2 8 4 1 2 9 1
4 3 4 4 1 3 0 2 3 3 3 2 4 3 7 4 3 3 3 8 4 2 2 15 3
4 2 0 4 1 3 7 2 3 2 4 2 3 2 5 3 2 2 3 13 2 2 1 13 2
2 2 1 2 1 1 13 2 1 2 2 1 1 2 2 1 1 3 0 23 5 1 2 8 2
4 3 0 5 1 3 4 1 3 3 3 2 4 2 7 4 4 3 3 9 4 3 1 17 4
3 1 2 5 3 1 8 3 2 3 3 1 2 3 3 2 0 2 3 7 3 2 8 8 3
6 5 4 5 3 4 4 4 2 3 3 3 3 3 9 5 3 0 7 25 3 3 4 15 4
3 2 3 4 1 2 0 2 3 3 2 2 3 2 4 3 3 2 3 7 4 2 2 16 3
1 1 4 0 1 2 3 2 1 2 2 1 2 2 2 2 2 2 2 7 5 2 6 28 2
3 2 4 4 1 2 3 4 2 1 4 2 3 2 5 3 2 0 4 17 2 2 4 8 3
4 2 2 5 1 3 0 2 3 4 3 2 4 3 6 4 4 3 3 7 3 3 3 16 3
3 0 6 3 1 2 9 4 3 2 2 1 2 2 2 2 1 1 2 7 4 2 18 14 1
6 6 5 5 3 5 5 4 3 2 3 3 4 3 7 5 3 0 4 16 5 3 4 15 5
2 2 1 2 0 1 3 3 1 1 1 2 2 1 2 1 1 1 2 8 4 1 1 4 1
1 1 1 2 1 1 3 2 1 1 1 1 1 2 1 1 1 2 2 7 4 1 1 15 0
5 7 5 6 0 5 12 8 4 3 5 3 6 4 14 4 5 4 5 13 5 3 19 14 7
2 0 2 2 1 1 4 2 1 2 1 2 1 1 2 2 2 1 2 7 7 1 2 9 1
4 5 0 5 1 3 3 10 3 2 3 3 3 2 8 3 4 3 3 7 3 2 1 17 4
4 4 2 4 2 2 12 3 2 0 3 2 3 2 5 2 2 3 3 13 4 2 3 7 4
4 3 0 4 1 3 8 2 2 3 3 2 3 2 4 2 3 2 3 7 3 2 4 10 3
2 1 4 2 2 2 13 1 0 2 2 3 2 1 3 4 1 1 2 5 5 1 2 9 2
1 1 2 6 1 2 3 3 1 1 2 0 2 2 3 3 1 1 2 25 2 1 6 16 2
4 3 3 3 0 2 2 1 3 2 3 3 4 3 4 4 3 4 4 10 4 2 6 15 3
1 1 3 2 1 1 1 3 1 2 1 1 2 2 0 1 1 1 2 5 6 2 1 5 2
5 4 3 7 0 4 7 6 4 4 4 3 3 3 12 5 4 4 5 7 4 3 15 17 4
2 1 5 1 1 2 0 1 1 1 1 1 1 2 2 1 1 1 2 9 5 2 4 16 2
2 1 0 1 1 1 12 2 1 2 2 1 2 2 1 2 2 1 2 7 2 2 1 14 2
2 2 4 2 1 0 8 1 1 2 2 1 1 2 2 3 1 2 1 22 4 1 1 9 1
4 3 4 4 2 1 2 3 2 3 0 2 1 1 4 3 2 2 3 7 5 2 3 7 2
16 14 3 25 1 12 3 0 12 10 11 7 14 8 32 19 15 13 16 20 9 10 1 38 17
5 5 0 7 2 3 3 3 3 4 3 3 4 2 9 4 4 3 4 13 4 3 10 17 4
4 3 4 6 1 3 13 0 2 2 3 2 3 2 7 3 3 3 3 8 4 2 2 15 4
5 2 4 4 1 4 0 2 4 3 5 3 5 2 6 4 5 4 5 5 5 3 9 25 4
4 3 6 5 1 4 1 0 3 2 2 2 4 2 7 4 3 3 4 8 6 2 1 17 3
4 3 3 6 1 3 0 2 3 3 3 3 4 2 6 4 3 3 4 8 4 2 6 12 3
1 1 2 0 1 1 3 2 1 2 1 1 2 2 3 2 2 2 2 8 5 2 6 19 2
2 2 2 3 1 1 3 3 1 1 2 2 3 0 3 2 2 2 3 8 4 1 2 15 2
6 7 4 7 4 4 5 5 3 0 4 3 4 4 7 4 5 2 4 23 4 4 4 11 5
2 1 2 3 0 2 2 2 2 2 3 1 3 2 3 2 2 2 2 9 2 2 3 16 2
1 0 8 2 8 1 7 4 2 5 4 4 5 4 2 3 5 4 7 2 4 6 8 2 6
2 1 2 2 1 1 3 3 0 2 1 2 1 1 2 3 1 2 1 9 5 1 4 8 1
6 6 6 7 5 4 5 5 4 3 0 3 5 3 9 5 5 4 4 6 6 8 4 16 5
1 2 3 1 1 2 8 3 1 1 4 2 0 1 1 1 2 2 5 7 4 1 1 15 2
3 2 2 3 3 1 13 11 3 3 2 3 0 3 6 4 3 3 4 6 2 1 3 15 2
9 7 0 9 1 5 10 3 5 5 4 4 7 4 12 6 7 5 5 17 5 4 4 20 7
6 5 3 6 3 4 3 4 3 0 3 3 4 3 8 4 3 4 8 22 5 3 3 11 5
2 2 2 2 1 1 4 2 2 2 2 1 0 2 1 2 1 2 3 7 2 1 4 14 1
1 0 2 1 1 1 3 2 1 3 2 1 2 2 2 2 2 2 2 7 4 1 5 15 2
1 1 5 1 0 1 5 3 1 2 2 2 1 1 2 2 2 2 2 7 5 2 14 16 2
6 4 0 5 1 4 8 2 3 4 3 2 4 3 7 4 5 3 4 7 4 3 2 15 4
9 8 6 5 3 6 8 4 2 0 3 4 4 4 7 4 4 2 4 19 4 3 3 19 4
1 1 2 3 1 1 4 2 1 0 2 2 2 1 2 2 2 2 4 8 2 1 2 16 2
2 1 0 3 1 2 3 2 2 2 2 2 2 1 2 2 2 2 3 10 2 1 2 15 2
0 2 1 2 1 1 4 3 1 2 1 2 2 1 1 2 1 1 1 9 5 3 2 19 2
2 2 1 2 2 1 14 4 2 1 2 1 1 2 2 2 1 1 3 7 4 0 2 2 1
7 8 3 14 0 8 9 2 7 7 10 8 13 6 19 8 12 9 11 16 8 8 3 24 10
2 2 1 2 1 1 4 1 2 0 2 2 2 1 2 2 2 3 4 16 1 3 1 16 1
0 2 1 6 1 2 3 2 2 3 2 2 3 2 2 2 2 2 2 9 4 3 4 22 3
3 4 2 4 3 3 11 11 2 5 3 2 4 3 4 0 3 4 7 21 5 3 6 10 4
3 4 2 3 2 0 5 3 2 3 2 1 2 2 4 3 2 2 3 8 5 2 5 16 2
2 2 1 3 1 1 5 2 1 1 1 2 2 1 2 2 1 1 3 8 0 2 5 6 1
2 2 4 2 2 2 4 2 2 2 1 2 2 1 3 3 2 2 3 7 0 1 3 16 2
3 3 5 4 2 2 2 2 2 2 2 2 2 3 5 2 2 0 4 18 4 1 2 8 3
2 3 3 3 0 1 4 1 2 1 2 2 2 1 2 2 2 2 3 19 4 1 2 9 2
4 0 4 4 5 2 4 4 2 3 4 3 3 3 1 3 3 3 4 4 5 3 3 8 3
0 1 1 2 2 1 8 3 2 2 1 2 2 2 2 2 2 2 3 7 6 3 2 16 2
3 4 3 6 3 3 3 3 0 3 3 2 3 2 5 6 2 3 6 33 5 2 3 19 3
4 2 4 3 1 2 15 1 2 3 3 3 3 0 4 2 2 2 3 8 3 1 2 9 2
8 7 6 8 3 5 3 4 4 0 3 4 5 4 8 5 5 6 9 24 7 3 4 12 6
4 2 5 7 1 3 3 0 3 3 2 3 4 2 6 3 3 3 4 4 5 3 2 12 3
1 1 1 4 1 0 11 3 1 3 1 2 2 1 1 1 2 2 3 6 4 2 4 15 2
2 2 2 3 1 1 8 2 0 1 4 1 2 2 2 1 1 1 1 16 2 1 4 8 1
4 2 3 4 2 2 4 3 2 3 2 2 0 2 4 3 2 2 3 7 5 3 4 9 2
2 0 5 2 1 1 3 3 1 2 2 1 1 2 2 2 1 1 2 7 4 1 6 10 2
5 3 3 5 0 2 4 2 3 3 3 2 3 2 8 3 2 3 3 18 4 2 4 11 4
7 5 0 9 1 5 10 2 5 5 4 3 7 3 9 6 7 5 5 7 5 4 12 17 6
5 3 0 5 1 3 13 2 4 4 3 3 5 2 8 5 5 3 5 7 5 3 7 13 4
3 2 5 6 1 3 2 2 3 3 4 3 4 3 8 4 3 4 4 7 4 3 0 18 4
1 2 3 2 1 1 2 3 1 1 1 2 1 0 2 2 1 1 1 8 4 1 1 16 1
2 2 3 2 1 1 1 3 1 1 1 2 1 0 2 1 1 1 1 7 4 1 1 7 1
1 2 5 2 1 1 7 1 1 2 2 2 2 0 2 2 1 1 2 8 5 1 2 18 2
1 2 2 3 1 0 5 3 1 1 1 1 1 2 2 1 1 1 1 8 4 1 2 16 1
5 3 4 7 0 4 4 3 3 4 3 3 5 3 9 4 4 4 4 19 4 3 6 15 4
5 3 3 6 1 4 2 0 3 2 4 3 4 3 8 4 4 4 4 18 4 3 1 15 5
2 2 1 1 1 1 3 1 1 2 0 1 1 2 2 2 1 1 2 7 7 1 2 2 1
2 1 4 3 1 1 8 1 1 3 2 1 2 2 1 2 0 2 3 6 5 1 6 14 2
9 5 0 12 2 6 6 2 6 6 7 5 9 5 14 7 9 6 7 12 5 6 1 22 8
2 3 5 2 1 1 4 3 1 3 0 1 2 2 3 3 1 2 2 26 4 4 4 14 2
0 1 3 3 1 1 2 4 1 2 1 2 1 3 1 2 1 2 2 7 22 2 4 16 2
9 7 0 11 2 7 6 7 7 6 9 7 11 7 16 8 12 7 9 15 7 7 1 25 11
10 13 8 14 7 9 7 7 8 7 8 0 11 3 20 11 11 9 10 22 10 9 7 31 11
2 1 4 3 1 1 13 0 1 2 2 2 2 2 2 2 1 1 2 7 4 2 1 7 2
1 2 3 0 3 2 8 4 3 3 2 2 3 3 5 3 2 4 3 7 6 4 6 40 4
2 3 1 4 1 3 0 2 2 2 3 2 2 2 5 2 3 2 3 9 3 2 1 16 3
2 4 3 7 3 3 3 3 2 3 3 0 4 3 6 4 3 3 3 20 3 3 3 22 3
2 1 1 4 1 1 4 3 2 1 1 2 1 1 2 2 1 1 2 4 4 0 6 7 1
2 1 5 2 1 1 4 2 1 1 2 3 2 1 3 1 2 3 0 14 4 1 2 9 2
0 1 4 3 1 1 4 3 1 1 1 2 1 1 1 2 1 1 4 11 5 1 6 18 2
0 2 3 2 2 2 4 3 1 3 2 2 2 3 3 2 2 2 2 5 5 3 4 22 3
0 1 1 2 1 1 4 2 1 1 2 2 1 1 1 1 1 1 2 9 2 1 1 16 1
1 1 3 1 0 1 8 2 1 1 1 1 1 2 1 1 1 1 1 8 5 3 6 3 1
4 3 3 3 2 2 7 2 2 2 2 2 3 1 4 2 2 0 5 16 2 2 3 6 3
4 3 5 3 0 2 3 2 2 2 2 1 3 2 5 2 2 2 3 7 5 1 3 9 3
2 1 0 3 1 1 3 2 2 1 2 2 2 1 1 2 2 1 2 10 4 1 1 6 2
1 2 1 1 2 1 4 3 1 1 2 1 1 2 1 2 1 2 2 7 2 1 1 16 0
8 7 0 9 1 5 6 2 4 4 4 3 6 4 15 5 6 5 5 19 4 4 5 16 6
2 3 4 3 1 1 6 0 1 2 2 2 2 1 2 2 1 1 2 20 5 1 4 9 2
5 4 2 7 2 0 5 3 2 3 4 3 4 3 8 4 3 4 4 8 4 4 3 15 4
2 3 1 3 0 2 3 2 1 2 1 2 2 2 3 3 2 1 2 8 4 1 3 16 2
2 1 2 3 2 2 13 3 2 3 3 2 1 2 3 3 1 2 3 8 4 2 14 14 0
2 3 5 5 1 2 1 2 2 2 0 2 1 1 3 3 2 1 2 7 5 1 4 18 2
3 2 3 3 1 2 5 0 2 2 4 2 2 1 3 2 2 2 3 8 2 1 2 10 2
4 3 4 5 1 3 0 2 2 2 3 2 3 2 7 4 2 3 3 8 4 2 1 15 3
4 5 5 3 4 3 5 4 3 3 0 2 4 2 8 5 3 3 5 6 1 8 6 24 3
2 3 0 4 1 2 10 2 2 2 2 2 3 1 3 3 2 2 3 10 2 1 4 17 3
5 6 6 4 3 4 4 4 2 0 4 3 4 3 6 3 3 3 4 17 4 4 6 16 5
2 2 5 1 1 2 2 1 1 1 0 1 2 2 2 2 2 2 4 17 5 3 2 19 2
1 2 3 0 3 1 15 2 2 4 3 3 3 3 3 2 2 3 3 7 3 4 8 33 2
3 3 5 4 0 2 3 2 2 2 2 2 2 1 4 2 2 2 2 9 5 1 5 16 3
4 3 2 6 1 3 2 0 3 4 3 3 4 3 6 4 4 3 3 9 5 3 1 12 4
6 6 5 10 6 6 13 4 4 5 5 3 6 0 11 4 6 5 5 9 4 4 5 11 5
5 5 5 6 3 4 3 3 2 2 4 3 4 3 6 3 4 0 3 20 5 3 4 11 4
2 1 1 1 1 1 4 2 1 0 2 2 1 1 1 1 1 2 4 19 2 1 1 16 2
5 4 0 7 1 4 11 3 3 4 4 2 4 3 7 4 4 4 4 7 3 3 1 16 4
2 1 5 0 1 1 1 3 1 1 1 2 1 1 2 1 1 1 1 16 7 1 3 18 2
2 1 4 3 1 1 1 3 1 1 0 1 2 2 3 2 1 2 2 8 5 3 2 10 2
4 4 4 6 1 3 6 0 5 4 4 3 6 3 12 5 4 5 5 7 5 4 1 18 5
6 4 6 5 0 3 14 11 2 3 2 2 2 2 4 2 2 3 3 7 6 2 25 9 2
6 6 0 8 2 3 10 8 4 5 5 3 6 3 10 5 7 4 5 7 5 4 8 16 6
3 1 1 1 2 1 13 4 0 1 1 2 1 2 2 4 1 1 4 5 4 1 3 14 1
7 4 3 6 4 3 8 3 3 0 4 3 5 4 6 3 4 6 7 15 5 3 3 9 5
2 1 5 2 2 2 3 3 1 0 2 2 2 2 2 3 2 2 3 13 5 2 2 16 2
3 4 2 4 2 0 3 3 2 3 2 2 2 2 5 3 2 2 3 16 5 2 4 15 2
2 2 1 0 2 1 8 3 1 3 1 1 2 2 1 2 1 1 2 4 5 1 2 15 1
1 2 3 2 1 1 3 1 1 1 1 2 0 1 2 2 1 1 1 7 4 1 2 15 1
5 6 4 7 3 3 4 4 0 3 3 2 4 3 7 7 3 3 5 30 2 3 4 23 4
3 3 3 3 2 3 5 3 2 3 4 2 2 2 5 3 2 3 4 9 2 2 3 8 0
18 18 13 20 13 10 14 15 21 17 0 11 11 10 25 19 23 15 23 32 97 19 13 38 13
1 3 1 3 1 0 8 2 2 3 2 2 2 2 2 1 1 2 2 7 5 3 2 17 2
4 3 5 3 2 2 2 3 3 3 0 2 3 3 7 4 3 3 3 8 20 4 3 18 3
3 3 0 3 1 2 3 2 2 2 2 2 2 2 4 3 2 2 3 7 4 1 1 16 2
3 2 2 4 0 2 7 2 1 2 3 2 3 1 3 3 2 2 2 7 2 2 3 15 2
1 2 0 1 1 1 4 2 1 1 2 1 2 2 2 3 2 1 2 8 2 1 4 15 2
5 2 2 3 2 2 10 3 2 3 3 2 2 2 4 3 0 3 3 7 5 2 3 8 3
0 1 6 5 1 2 5 3 1 2 2 2 3 2 2 2 2 2 2 1 5 2 17 18 2
2 2 3 3 2 2 3 3 2 2 2 3 3 0 5 3 2 1 4 8 5 1 3 18 2
5 4 4 6 0 3 11 7 3 3 4 3 4 3 9 4 3 4 4 6 3 3 16 12 5
4 3 4 4 0 2 3 2 2 2 3 2 3 1 4 3 3 2 3 7 3 2 5 13 3
0 1 1 4 1 1 3 2 1 2 2 1 1 2 2 2 1 1 2 7 2 1 2 20 1
1 1 1 2 1 1 3 1 1 1 1 1 1 2 0 2 1 1 1 8 5 1 2 15 1
1 3 4 0 2 2 4 3 2 3 2 1 3 2 3 3 2 3 4 6 5 3 3 27 2
4 3 0 5 1 4 3 2 3 4 3 2 4 2 6 4 3 3 4 7 3 3 1 15 4
13 18 11 12 11 12 15 10 8 0 8 7 13 8 19 11 12 8 17 28 9 10 10 25 15
3 4 4 4 0 2 5 10 3 4 3 2 3 2 6 3 3 3 3 7 4 2 17 16 2
1 1 0 1 1 1 4 3 1 1 1 1 1 2 1 1 1 1 1 8 5 1 6 15 1
6 4 0 7 4 2 3 10 4 3 4 3 4 3 8 3 4 3 4 7 3 2 7 15 3
1 0 2 1 1 1 3 1 1 1 1 2 1 1 1 1 1 1 2 7 5 1 2 16 1
3 2 3 3 1 2 1 2 1 1 1 2 2 0 2 1 1 1 2 8 4 1 1 7 2
2 2 1 2 1 0 11 3 1 2 1 2 1 1 1 2 1 2 2 1 5 1 2 2 1
3 5 4 4 2 2 0 4 2 3 2 2 4 2 6 3 3 2 3 7 5 3 11 16 3
1 1 1 1 1 1 10 2 1 1 2 2 0 1 3 2 1 1 2 7 4 1 1 16 1
4 5 3 5 3 3 5 4 3 4 3 0 4 2 9 4 3 4 4 18 4 3 4 18 5
4 1 3 5 3 0 3 4 3 4 3 2 2 2 6 3 2 3 4 5 4 2 4 8 2
4 4 3 7 2 3 2 3 0 3 2 3 3 2 5 2 2 2 3 9 6 2 3 15 3
1 2 5 3 1 1 4 2 2 2 1 1 1 2 2 3 1 2 3 6 5 1 4 16 0
2 2 1 0 2 1 10 3 1 3 2 1 2 2 2 1 1 2 2 5 2 2 6 20 2
6 6 5 6 4 4 5 5 3 3 4 3 5 4 8 5 4 0 4 16 5 4 4 13 5
7 6 6 8 4 3 6 6 3 3 3 4 4 0 9 5 4 4 5 9 5 4 5 14 4
2 1 0 5 1 2 2 2 2 3 4 1 3 2 3 3 4 2 4 21 2 2 2 14 3
0 2 5 1 1 1 2 2 1 2 2 1 2 2 3 2 1 2 2 7 5 3 2 27 2
12 12 6 12 6 7 6 6 0 6 6 4 7 5 17 12 7 5 10 38 6 6 5 37 7
3 3 1 3 1 2 8 2 2 2 2 1 0 2 5 2 1 2 2 17 2 2 2 9 2
0 2 1 1 1 1 5 2 1 1 1 1 2 2 1 1 1 2 2 6 4 1 1 16 2
1 1 1 3 1 1 4 1 1 1 2 1 1 2 2 1 1 0 1 21 2 1 1 18 2
3 5 5 6 3 3 4 4 2 5 4 3 2 3 8 0 3 4 4 24 4 2 4 10 3
2 1 3 3 1 1 2 3 1 1 1 1 1 2 2 2 1 1 3 12 4 0 1 4 2
9 11 7 10 7 6 7 7 6 5 4 0 6 5 16 8 7 6 8 15 4 5 7 21 7
6 5 4 9 0 5 2 1 5 5 5 3 7 4 13 6 6 5 5 9 6 5 3 19 7
2 0 2 3 1 1 5 2 2 2 2 2 2 1 2 2 2 2 2 6 4 2 5 15 2
4 5 7 8 4 3 4 5 2 4 4 3 4 3 9 0 3 3 5 4 5 3 4 8 4
2 3 2 0 2 1 3 3 1 2 2 2 2 2 4 3 2 2 2 8 4 2 3 22 2
4 4 0 6 1 5 4 2 4 5 4 3 8 3 13 5 5 4 5 8 4 4 17 26 6
4 3 5 4 0 3 3 6 1 2 3 2 2 2 4 4 2 2 4 11 4 2 4 9 2
2 0 2 4 3 1 11 3 2 2 2 2 3 2 3 2 1 3 2 7 5 2 4 4 2
3 6 3 4 2 2 4 4 4 4 2 2 1 2 5 3 2 1 5 13 4 1 6 7 0
2 3 4 2 3 2 4 4 2 4 0 2 2 3 6 3 2 2 3 6 4 1 4 20 3
0 2 2 3 2 1 3 2 1 3 2 2 3 2 1 2 1 3 3 2 4 2 4 18 3
3 4 3 3 0 1 3 2 2 2 4 2 3 1 5 2 2 2 2 8 1 2 4 9 2
4 2 3 5 3 2 8 3 2 4 2 2 4 2 3 0 3 3 4 22 5 2 3 11 5
1 1 1 2 1 1 4 0 1 1 2 2 2 1 1 3 1 1 1 9 2 1 1 9 1
2 1 4 2 1 1 4 2 1 1 1 0 2 2 2 1 1 1 2 21 5 1 4 7 2
4 6 7 13 4 3 5 5 2 4 4 5 3 0 10 2 2 3 5 2 1 4 18 18 6
3 1 5 2 1 2 7 1 2 3 2 1 2 2 1 2 0 2 2 8 5 1 5 4 1
8 8 7 9 5 5 13 6 5 5 3 4 6 0 12 6 6 5 6 10 3 4 6 18 5
6 6 5 6 4 5 5 5 3 3 4 3 4 4 9 5 4 0 3 17 4 3 4 12 5
11 15 9 12 9 9 11 9 7 7 6 0 9 4 21 11 12 9 9 18 22 8 9 26 11
2 5 3 1 3 1 14 3 2 2 2 2 0 3 3 3 1 2 3 5 4 1 3 18 1
5 5 3 4 3 3 4 4 3 0 4 2 3 2 6 3 3 4 6 16 4 2 3 16 3
0 1 5 4 1 1 4 3 2 3 2 2 2 2 3 3 2 2 3 6 2 3 18 19 3
6 4 0 7 1 5 4 1 4 3 4 3 6 3 9 5 5 4 4 17 4 3 1 17 6
2 3 2 2 2 3 5 3 2 3 0 2 3 2 7 3 3 2 4 7 5 3 3 21 4
2 2 4 2 2 0 4 2 1 2 1 2 1 1 4 2 1 1 4 10 5 1 4 17 1
2 0 3 2 2 1 3 3 1 2 2 1 1 2 2 3 1 1 2 5 4 1 3 15 2
1 1 2 3 1 1 3 2 1 2 2 2 2 1 3 2 1 2 2 7 1 0 2 17 1
4 2 4 4 1 1 1 3 2 1 2 3 2 1 3 2 2 1 4 7 4 0 2 4 2
3 1 5 3 0 1 4 2 1 2 2 2 1 1 2 2 2 1 3 9 4 1 3 7 2
17 10 0 18 4 12 9 5 12 11 13 11 14 10 27 15 16 13 14 20 12 13 11 30 15
6 6 3 8 1 6 2 0 5 6 5 4 7 5 13 6 7 6 6 10 6 6 1 23 8
14 15 11 16 10 9 9 10 9 4 7 9 11 0 20 13 16 9 11 23 7 7 8 36 11
1 1 1 0 1 1 12 2 1 3 1 1 1 2 1 1 1 1 2 7 4 1 4 7 1
5 5 3 5 3 4 3 3 3 2 0 2 3 2 7 4 3 4 4 16 5 6 3 10 3
8 7 4 8 0 5 4 2 4 4 4 3 5 4 13 6 6 5 6 8 4 4 4 17 6
7 7 5 7 4 6 7 4 4 0 5 4 6 4 10 5 5 7 10 27 5 4 3 12 6
4 4 5 4 2 2 13 3 2 1 3 2 3 3 4 3 2 1 0 15 4 3 3 9 3
3 3 5 5 3 3 7 3 2 4 3 2 4 3 4 0 3 3 4 15 22 2 4 10 4
1 4 5 0 3 2 13 3 2 3 2 2 3 3 4 3 2 2 3 8 4 4 3 26 4
4 3 0 5 1 1 10 3 2 2 4 1 3 2 2 2 2 2 3 6 2 1 2 10 2
3 3 2 3 2 1 4 2 2 2 2 2 2 2 3 2 2 1 2 8 2 1 2 7 0
0 1 3 2 1 1 4 3 1 2 1 1 1 2 2 1 1 1 2 6 4 1 2 16 1
3 3 2 2 1 1 3 2 2 3 2 2 3 2 0 1 2 2 3 5 25 2 3 14 2
6 7 4 6 4 4 5 5 2 1 4 3 4 3 8 4 3 0 1 22 4 4 4 11 4
6 7 7 6 4 4 5 5 1 3 3 3 4 4 9 4 3 2 0 25 4 3 5 17 4
22 14 2 25 1 15 0 2 12 12 13 11 17 9 36 18 20 16 17 20 15 14 7 35 19
1 2 3 2 1 0 3 3 1 1 1 1 1 2 1 2 1 1 3 15 5 3 6 14 2
4 3 2 4 0 3 4 2 2 2 3 2 3 2 6 3 2 3 3 9 4 2 4 13 3
2 1 5 2 1 2 3 2 1 1 1 2 2 0 2 1 1 2 1 8 5 1 2 7 2
2 1 4 2 0 1 7 1 1 1 2 2 2 1 2 1 1 1 3 11 2 1 3 7 1
4 3 2 4 2 2 3 2 0 2 3 1 3 2 4 3 2 2 2 6 2 2 2 13 3
4 3 0 4 1 3 3 2 3 3 4 2 3 3 5 4 4 4 4 8 4 3 1 15 3
1 2 1 0 2 2 8 3 1 2 2 1 2 2 2 2 2 2 2 8 5 2 2 30 1
5 5 3 9 3 4 8 4 4 4 0 4 5 3 9 5 3 4 5 10 5 11 3 23 5
3 2 3 3 3 2 3 3 2 3 2 2 2 2 4 3 0 3 3 7 5 2 3 15 3
0 2 6 1 1 1 4 3 1 3 2 2 2 2 2 3 2 2 3 2 5 3 13 17 2
4 2 6 4 3 3 21 2 3 3 3 0 3 4 5 4 3 2 4 9 3 2 4 8 2
3 3 6 4 1 2 1 2 3 2 2 3 2 1 5 4 2 3 4 7 0 2 1 13 2
1 0 2 1 1 1 3 3 1 2 1 2 1 1 2 2 1 1 2 15 5 2 2 8 1
2 3 2 3 1 1 4 2 2 2 1 2 1 1 3 2 1 2 3 12 0 2 2 15 1
2 2 2 2 3 0 3 3 2 3 2 1 2 2 3 2 1 2 3 2 5 2 3 3 1
2 2 0 2 1 1 4 2 1 2 2 1 2 2 2 1 2 2 2 1 4 1 5 9 1
0 1 2 4 1 1 11 4 2 1 2 2 1 2 1 2 1 1 3 7 4 2 6 21 3
0 5 5 2 3 3 4 4 2 4 5 3 5 3 5 3 4 3 3 19 5 6 4 46 6
3 3 4 4 2 2 4 3 3 3 2 2 2 2 7 4 2 4 4 6 4 2 3 15 0
2 1 1 2 1 1 4 1 1 1 4 2 1 0 2 1 1 1 1 9 2 1 1 8 1
7 8 4 9 3 4 4 4 0 4 3 3 4 4 9 7 4 4 7 25 4 3 4 23 5
2 2 1 5 2 1 14 3 2 3 2 0 2 1 6 2 1 2 2 8 1 3 2 16 2
4 3 0 5 1 3 7 2 3 3 3 2 4 2 5 3 3 3 3 7 3 3 2 17 3
3 2 5 3 0 2 3 2 2 2 2 2 2 2 3 2 2 2 2 8 4 2 3 9 2
7 6 6 5 4 5 4 4 2 0 4 3 7 4 8 4 4 4 5 21 5 4 4 17 6
1 1 5 2 0 1 4 2 1 1 2 2 2 1 2 1 1 1 1 20 2 1 4 18 2
1 1 0 1 1 1 4 2 1 1 1 2 1 1 1 2 1 1 1 8 2 1 4 4 1
4 3 1 4 3 3 14 8 3 0 4 2 2 2 4 3 2 4 6 25 2 1 2 7 2
1 0 1 1 1 1 5 2 1 1 2 2 1 1 1 3 1 1 3 8 2 1 2 15 1
3 3 4 4 3 2 8 3 2 2 4 2 3 3 6 3 0 3 3 5 4 3 3 16 4
1 2 5 3 0 1 3 2 2 1 2 3 2 1 2 2 2 2 4 17 5 2 7 18 2
2 2 0 2 1 1 5 2 1 2 1 1 2 2 2 1 2 2 2 25 5 1 6 15 2
2 2 5 3 0 1 7 2 1 1 2 2 2 1 3 2 1 1 4 10 4 1 4 15 2
1 1 0 1 1 1 8 2 1 1 1 2 1 1 2 1 1 1 1 7 4 1 2 15 1
2 4 5 4 2 1 3 3 1 0 2 1 2 2 3 3 2 1 1 24 4 1 2 10 2
1 1 2 2 2 0 5 2 1 1 1 1 1 2 2 2 1 1 2 7 5 1 2 16 1
5 2 1 9 0 4 3 3 5 6 4 4 4 3 4 3 4 4 5 5 3 3 1 14 4
2 2 3 2 1 2 4 1 1 0 2 2 2 1 3 2 1 3 4 14 4 1 2 15 2
2 1 5 3 0 1 3 2 1 1 1 2 1 1 1 2 2 1 4 10 4 1 6 9 2
7 6 3 9 1 4 3 0 5 5 5 3 7 4 11 6 7 5 6 8 5 5 10 16 7
1 2 1 1 1 1 12 2 1 2 2 1 0 2 1 1 1 1 2 16 2 1 2 15 1
6 6 3 6 3 4 4 4 2 2 4 3 5 3 7 4 4 0 3 19 4 3 4 14 5
1 2 2 0 1 1 3 2 1 2 1 1 2 2 3 2 1 2 2 7 5 2 2 29 2
9 11 8 9 7 8 14 7 7 6 6 0 8 3 17 8 7 7 8 16 7 8 7 22 9
4 3 5 3 2 2 3 2 2 2 0 2 3 2 4 3 1 1 4 16 5 4 4 10 2
9 8 7 12 6 7 7 7 6 5 5 5 6 0 12 7 10 5 8 11 6 7 7 22 10
1 4 6 0 4 4 4 4 2 7 6 5 5 5 5 5 5 4 7 27 6 5 4 23 5
3 2 4 3 0 2 8 8 2 2 2 2 3 2 5 3 2 2 3 7 4 2 17 9 2
2 0 1 1 1 1 4 2 1 2 1 2 1 1 1 1 1 1 2 8 4 1 4 9 1
2 2 1 2 1 0 3 2 1 1 2 1 1 2 1 1 1 2 1 11 4 1 3 7 1
3 3 4 2 1 3 5 1 2 0 2 2 2 2 4 2 2 3 5 17 4 1 2 25 2
1 1 1 4 1 1 8 1 1 1 2 1 1 2 1 1 1 0 1 18 2 1 1 16 2
1 1 5 1 0 1 3 2 1 1 1 1 1 2 2 1 1 1 1 8 5 1 4 16 1
2 1 5 3 1 1 13 1 0 2 2 1 3 2 2 3 1 2 3 9 1 3 4 13 2
5 5 8 5 4 0 4 5 2 4 2 1 4 2 8 4 2 2 4 4 91 3 23 10 3
1 2 1 0 1 1 4 2 1 1 1 1 2 2 2 1 1 1 2 7 5 1 1 20 1
2 0 1 4 1 3 3 3 2 2 2 2 2 1 2 2 3 1 2 7 2 1 1 15 2
2 1 1 0 1 1 8 3 1 1 1 1 1 2 2 1 1 1 2 7 4 1 4 18 2
1 2 3 1 1 1 2 2 1 1 0 2 1 1 3 1 1 1 1 9 5 3 4 15 2
3 6 6 4 1 2 12 4 2 2 4 4 2 0 8 5 2 2 4 9 1 3 4 18 2
5 4 4 8 0 4 11 1 3 4 3 2 4 3 9 5 3 3 5 7 5 3 3 16 5
3 3 2 9 0 4 12 2 4 2 3 3 5 2 8 4 6 4 6 8 5 2 5 20 5
1 1 1 1 1 0 4 2 1 2 1 1 1 2 1 1 1 1 1 8 5 2 4 15 1
2 3 2 2 2 1 3 2 2 3 0 2 2 2 4 3 2 2 3 7 4 2 3 18 2
2 0 2 2 1 2 3 2 2 3 2 2 2 3 2 2 2 2 2 7 2 3 4 14 2
2 1 1 2 1 1 12 2 1 1 1 0 1 2 1 1 1 1 2 9 5 1 1 8 2
3 1 2 4 1 3 5 2 2 1 3 2 2 2 2 3 0 2 4 18 3 2 2 9 2
2 2 2 3 2 0 15 3 2 3 1 3 2 1 2 2 2 1 4 3 5 1 8 15 2
4 4 4 4 3 3 4 4 3 3 2 0 3 4 7 4 3 3 3 8 5 2 3 13 3
12 12 6 18 10 4 14 12 4 10 8 5 6 6 12 1 6 10 0 44 8 6 17 25 11
3 2 5 2 1 1 3 3 2 1 0 1 2 2 3 3 2 2 3 7 5 1 4 15 2
2 2 0 7 1 2 8 2 1 2 2 2 2 2 3 2 2 1 3 8 4 1 4 16 2
6 9 7 7 6 6 7 7 1 5 5 4 4 5 12 5 3 3 0 25 5 5 6 14 4
2 2 5 2 1 1 5 0 2 1 2 2 2 1 3 2 2 2 2 19 4 1 1 15 2
5 5 4 5 4 3 5 5 4 3 0 3 4 4 9 6 4 5 5 9 4 5 4 20 4
2 1 5 1 0 1 4 2 1 1 1 1 2 2 1 1 2 1 2 7 4 1 5 8 2
10 8 4 11 2 8 8 3 6 4 7 4 9 5 20 7 10 6 9 23 7 6 0 23 10
9 3 2 3 2 0 10 2 2 2 3 1 3 2 2 1 1 2 3 15 4 3 8 12 2
2 3 5 1 2 1 5 1 1 1 1 1 1 2 2 2 2 0 2 16 4 1 2 18 2
6 7 6 6 3 5 8 8 4 0 4 3 3 4 8 4 4 2 8 25 4 3 3 16 6
7 6 8 7 8 3 9 8 2 5 6 4 4 4 5 2 3 4 0 28 6 7 7 11 5
1 2 3 0 1 1 3 2 2 3 2 2 3 1 3 3 2 2 3 6 5 2 6 15 2
1 2 2 0 2 1 5 3 2 3 2 2 4 3 3 3 2 3 4 3 6 4 6 44 3
0 2 1 3 1 1 13 4 1 2 2 1 2 2 2 2 1 2 2 8 4 3 6 15 1
3 4 5 4 4 0 5 5 2 3 2 1 2 3 5 4 2 3 3 3 5 2 4 16 2
13 11 0 14 3 6 22 7 7 7 6 5 10 5 17 8 11 6 8 11 7 7 16 27 9
6 7 5 9 0 5 11 11 4 5 5 3 7 3 17 5 6 4 5 21 5 5 24 19 7
0 2 2 4 2 1 5 3 2 1 2 1 1 2 2 2 1 1 2 7 5 1 4 18 2
2 2 3 2 1 0 1 3 1 2 1 2 2 1 2 2 1 1 2 8 4 2 2 16 1
9 6 0 11 1 7 4 1 6 8 7 4 10 5 19 7 9 8 8 11 7 8 12 24 9
2 0 5 2 2 1 7 2 2 3 2 1 2 2 2 2 2 2 3 7 5 2 3 18 2
5 6 2 7 1 4 0 2 4 5 4 3 5 3 10 5 5 5 5 7 4 4 6 17 5
3 3 5 2 1 2 8 3 2 2 1 1 1 2 2 3 1 2 4 4 0 3 5 8 2
1 2 1 0 1 1 12 2 1 2 2 1 2 2 2 2 1 1 2 8 5 2 1 29 2
3 3 0 5 1 3 4 4 2 4 2 2 4 2 5 4 4 3 3 8 4 3 7 16 4
1 1 3 3 1 1 2 2 1 2 1 1 0 2 2 2 1 1 2 10 4 1 2 16 1
5 5 1 7 0 4 7 1 4 5 4 3 6 4 11 5 5 5 5 7 5 4 4 16 6
2 1 3 2 2 1 3 3 1 2 2 2 2 0 2 2 1 1 2 8 4 1 2 9 1
1 0 5 2 3 1 4 2 2 2 2 1 1 2 1 2 1 2 2 7 2 2 3 16 2
2 2 1 2 1 1 5 3 1 1 1 1 1 2 2 1 1 1 2 8 5 0 2 8 2
11 15 8 13 7 8 14 8 7 7 6 0 9 4 20 11 10 6 10 18 7 9 16 29 12
4 3 5 4 2 3 4 2 3 3 0 3 3 2 7 5 3 2 4 9 7 4 3 15 2
2 1 4 2 1 2 0 2 1 1 2 2 2 2 2 1 2 3 3 7 5 2 1 9 2
1 3 4 2 2 1 3 1 1 1 2 1 2 2 3 2 1 0 1 7 1 3 2 16 2
1 2 4 1 1 1 4 1 1 1 1 0 1 2 2 1 1 2 1 9 4 1 4 8 1
4 4 3 7 0 3 3 2 3 4 3 2 4 2 6 4 3 3 4 7 3 2 2 15 4
0 1 1 4 1 1 10 4 1 2 1 1 1 2 1 1 1 1 2 7 4 1 6 17 1
4 4 4 4 3 3 8 3 2 0 3 2 3 2 4 3 2 3 5 14 5 2 3 8 3
3 4 2 5 3 2 8 3 2 3 2 0 3 3 6 3 2 2 3 7 5 2 4 15 2
3 2 2 4 1 2 2 2 2 3 3 2 3 2 4 3 3 3 3 4 2 2 0 16 2
2 2 3 2 1 1 4 3 1 2 1 1 0 3 2 2 1 2 2 8 5 1 5 9 1
7 6 4 9 1 4 0 2 3 3 3 2 5 4 10 5 4 3 4 13 4 3 13 14 4
0 2 5 3 3 2 3 3 1 2 2 2 3 2 2 3 1 2 2 8 4 3 3 20 3
4 4 2 5 0 3 7 4 3 4 4 3 3 1 6 3 3 3 3 7 3 2 6 11 3
1 2 3 3 1 1 4 0 1 2 2 2 2 2 2 2 2 2 2 7 4 3 1 20 2
2 2 3 2 1 1 0 2 1 2 2 1 2 2 3 1 2 1 2 8 5 1 2 8 2
8 8 6 6 4 5 7 5 4 0 4 4 5 4 8 5 5 3 7 18 5 4 4 15 6
2 1 5 6 1 1 1 3 2 0 4 2 3 2 3 2 3 4 6 16 3 2 5 17 3
2 1 1 2 1 1 13 0 1 1 2 1 1 2 2 2 1 1 2 9 2 1 2 14 1
1 2 5 1 1 0 4 1 1 1 1 2 2 1 2 2 1 2 2 7 5 3 1 17 1
3 3 4 3 2 2 3 2 2 3 2 1 3 0 4 2 2 2 3 7 2 2 4 9 2
2 3 0 2 1 1 3 2 1 1 1 2 1 1 2 1 1 1 2 8 5 1 1 8 1
0 6 4 15 4 7 11 6 4 7 8 9 11 6 21 7 10 6 8 27 8 14 5 39 13
2 2 2 1 2 2 4 3 1 1 4 2 2 2 3 1 2 0 1 15 2 1 2 20 2
7 7 2 8 3 5 5 2 2 1 4 3 4 4 7 3 4 0 2 7 5 3 3 9 5
5 5 6 7 5 2 14 5 5 8 7 4 5 5 13 0 7 8 14 29 8 5 5 13 8
6 7 6 5 3 5 4 4 4 0 3 4 4 4 7 4 4 3 9 23 5 4 4 17 6
1 2 1 1 1 1 3 1 1 1 1 1 0 2 1 1 1 1 1 8 5 1 2 9 1
0 1 2 4 2 1 8 3 2 2 2 1 2 2 2 2 1 1 2 13 3 3 2 15 2
4 3 4 4 1 3 3 1 2 0 3 2 3 2 5 3 2 3 5 21 3 2 2 10 3
4 2 0 4 1 2 8 2 2 2 2 2 3 2 4 3 2 2 3 7 2 2 1 12 3
2 0 2 3 1 1 3 2 1 1 2 2 2 2 1 1 2 2 4 8 3 1 2 14 2
5 6 6 5 4 3 8 6 5 6 3 3 0 4 10 7 2 4 6 13 5 4 14 12 4
3 3 5 3 0 2 5 7 2 2 3 2 3 2 4 3 2 2 3 7 2 2 14 17 2
2 2 3 2 2 1 2 2 2 2 1 2 1 1 3 2 1 2 2 7 0 2 2 15 1
2 2 5 3 1 1 5 3 0 2 2 1 1 2 3 4 2 1 3 8 5 1 5 12 2
8 10 6 8 5 6 8 6 4 0 4 4 5 5 11 5 6 2 5 16 5 5 5 13 8
6 5 3 9 1 5 3 0 5 5 5 4 6 4 13 6 6 5 6 8 5 4 3 17 7
6 6 5 5 3 5 13 4 3 3 0 3 5 3 9 6 4 4 5 10 73 7 4 16 5
3 4 16 6 5 3 11 6 3 7 4 3 2 5 5 3 1 5 5 4 4 5 6 7 0
1 1 2 1 1 1 3 2 1 2 1 1 0 2 2 2 1 1 2 8 4 1 2 16 2
3 0 4 3 1 2 3 4 1 1 3 2 3 2 4 3 2 3 4 26 3 2 4 16 3
1 1 3 2 1 1 4 2 1 1 1 0 1 2 1 1 1 1 1 8 4 1 3 16 1
2 2 1 2 1 1 3 2 1 1 1 2 1 1 3 2 1 1 0 20 4 1 2 8 2
14 13 4 14 0 9 11 10 8 9 9 6 11 6 31 10 11 10 9 21 9 10 29 27 12
2 2 3 0 2 1 4 3 2 3 2 2 3 2 4 3 2 3 3 7 4 2 3 29 2
1 1 2 1 2 1 5 3 0 1 2 1 2 2 1 1 2 2 2 8 2 1 2 17 2
5 3 5 5 1 3 3 3 3 2 2 4 3 0 7 4 3 2 4 10 4 2 2 7 3
5 3 0 4 1 3 10 2 3 3 2 1 3 3 6 3 3 3 3 8 5 2 5 16 4
6 5 0 11 1 5 12 2 5 5 4 3 5 3 12 5 5 5 5 6 4 4 5 17 5
3 2 2 3 1 2 0 2 2 2 2 2 3 2 3 3 2 2 3 8 4 2 1 14 3
6 4 0 5 1 4 8 2 3 4 3 2 4 2 8 4 4 4 4 14 3 3 6 15 4
2 1 3 1 1 1 0 2 1 1 1 2 2 1 2 1 1 2 2 19 5 1 1 15 1
2 3 6 4 1 3 4 1 2 1 2 3 3 0 4 2 2 2 5 17 3 1 2 17 3
5 4 5 5 2 2 2 2 3 3 0 2 2 2 7 4 3 3 4 8 4 4 2 5 3
6 4 0 8 1 5 3 1 4 4 4 3 5 3 10 5 5 4 5 7 5 4 3 15 6
6 8 3 9 0 6 10 1 5 5 6 4 8 4 15 6 8 6 6 13 6 6 3 18 9
0 1 3 2 2 1 3 3 2 2 4 1 1 2 2 2 2 1 3 8 2 1 2 20 2
2 1 1 2 1 1 3 3 1 2 0 2 2 1 2 2 1 1 2 8 7 3 3 10 2
7 9 8 7 5 4 6 6 2 0 2 3 4 4 8 3 5 3 4 10 43 4 5 15 6
2 2 4 1 1 1 0 2 1 2 1 2 1 1 1 1 1 1 2 7 5 1 4 16 1
1 1 5 1 0 1 5 2 1 2 1 2 2 2 2 3 2 2 2 7 5 3 12 15 2
3 4 0 4 1 3 4 2 3 4 3 2 3 2 5 3 3 3 3 9 3 2 4 17 3
3 2 5 2 2 2 3 2 2 2 4 3 2 0 2 2 2 1 3 8 1 2 2 9 2
1 0 5 4 1 1 4 2 2 1 3 2 2 2 2 1 2 2 2 1 3 1 4 15 3
6 5 0 8 1 5 3 2 4 5 4 3 6 3 12 5 6 5 5 8 4 4 2 16 6
1 4 1 4 1 1 6 3 1 3 1 2 3 2 4 2 1 2 2 20 5 1 3 19 0
3 3 6 2 2 2 3 4 1 1 2 2 2 2 4 2 2 0 2 8 5 1 5 17 2
2 2 3 2 1 1 3 0 1 2 1 1 1 2 2 1 1 1 2 19 5 1 3 14 1
4 3 2 3 2 2 4 3 2 0 3 2 3 3 5 2 2 3 4 8 3 2 3 9 3
5 7 3 7 2 5 5 2 3 4 4 4 5 0 9 4 5 4 5 8 4 4 2 16 5
0 1 3 3 1 2 1 2 1 4 3 3 3 3 2 2 2 3 3 7 4 3 4 15 2
2 2 0 3 1 2 3 2 2 1 2 2 3 1 3 2 2 1 2 13 4 1 1 15 2
3 2 3 3 1 1 2 4 2 2 2 0 2 2 2 2 1 2 2 8 5 1 4 5 2
0 2 7 10 2 4 7 4 3 4 5 3 6 3 3 5 4 4 5 7 6 7 15 26 6
2 1 1 2 1 1 4 2 1 1 2 2 2 0 2 1 2 1 2 8 4 1 1 14 1
4 3 4 4 3 3 4 4 1 2 3 2 3 2 4 2 2 4 0 13 4 3 3 8 3
6 5 0 8 2 6 17 11 4 6 6 4 8 5 10 5 8 7 6 8 5 5 16 16 9
1 1 2 1 1 1 4 2 0 1 1 1 1 2 1 3 1 1 1 23 5 3 2 16 1
5 3 0 7 1 3 8 2 3 4 5 3 4 2 7 4 4 2 4 18 4 3 2 11 5
1 2 1 2 1 0 5 3 1 1 1 1 1 2 2 2 1 1 2 14 4 1 1 17 1
2 1 3 1 2 0 4 3 1 2 2 1 2 2 1 2 1 1 2 5 5 1 14 8 2
0 2 5 2 1 1 3 1 1 1 1 1 2 2 1 1 1 1 1 18 4 1 4 17 2
7 4 0 8 1 4 11 2 4 4 4 3 5 3 12 5 4 4 5 7 4 3 1 16 5
6 8 6 7 6 6 6 6 5 6 4 0 6 3 14 6 6 6 6 10 4 4 6 18 6
2 3 2 3 1 1 1 2 2 3 0 2 2 2 4 3 2 2 3 7 5 4 2 15 2
1 1 3 0 1 1 3 3 1 2 2 2 2 2 2 3 2 2 3 7 5 2 6 17 2
0 2 2 5 3 2 11 3 1 4 4 3 4 4 3 3 3 3 3 11 3 3 3 17 5
1 1 3 2 1 1 5 2 1 1 1 2 0 1 1 2 1 1 2 7 5 1 1 15 1
3 2 2 2 2 0 8 3 1 2 1 1 1 2 3 2 1 1 1 8 5 1 6 4 1
2 1 0 1 1 1 8 2 1 2 4 2 1 1 2 1 1 1 2 21 2 1 2 16 1
1 2 1 2 1 0 4 2 1 2 2 2 1 1 2 1 1 2 2 15 2 1 2 16 2
2 1 4 3 0 2 3 2 3 3 3 2 2 1 6 3 3 3 3 18 5 2 2 21 3
1 1 4 1 1 1 5 1 1 0 1 1 2 2 1 1 2 1 1 8 4 1 1 9 2
3 2 0 1 1 1 3 2 1 1 2 1 2 2 2 1 2 1 2 8 5 1 4 17 2
2 2 2 2 2 1 4 3 2 2 0 1 2 2 2 2 2 2 2 7 7 4 4 15 2
1 1 1 1 1 1 3 2 1 1 1 1 1 2 0 1 1 1 1 5 4 1 2 4 1
1 0 2 1 2 1 8 2 1 2 1 1 1 2 1 1 2 1 2 8 4 1 3 8 1
3 3 3 3 2 2 3 3 2 2 1 2 2 1 5 3 2 2 3 10 0 3 4 15 3
3 3 4 3 2 2 3 2 2 1 0 1 2 3 3 2 1 1 4 9 5 3 4 3 2
3 3 3 1 2 1 4 3 2 3 0 2 1 2 3 3 1 3 2 7 21 4 4 17 2
6 6 3 6 3 4 13 3 3 3 2 0 4 4 10 4 3 3 3 18 5 3 4 10 4
5 3 3 7 1 4 3 2 4 4 4 3 5 3 8 5 4 4 5 8 4 4 0 15 5
6 5 5 7 4 2 5 5 4 4 3 4 4 0 7 4 4 3 5 7 4 2 6 9 3
2 2 1 2 1 1 11 2 1 0 1 2 2 1 3 2 1 2 4 8 5 1 1 9 1
2 2 2 1 3 2 3 3 1 0 2 2 3 2 4 1 2 3 5 20 2 2 3 19 3
1 0 4 2 1 1 4 1 1 2 1 1 1 2 1 1 1 1 2 8 4 1 1 8 1
9 8 3 13 1 8 6 1 8 7 8 6 10 4 16 9 10 7 9 11 7 7 0 20 10
1 2 5 0 1 1 5 2 1 2 1 1 1 2 2 2 1 2 2 4 5 1 5 19 2
3 3 2 3 2 0 8 3 2 2 2 1 2 2 3 3 1 2 3 5 5 2 2 15 2
4 3 2 4 2 3 4 3 2 0 3 3 4 3 6 3 3 4 5 14 5 2 5 16 4
3 3 0 3 1 2 3 2 2 2 3 2 3 2 3 3 2 2 3 8 4 2 1 16 3
10 8 5 10 0 6 7 9 6 5 5 4 8 4 17 7 7 6 7 14 6 5 15 22 8
0 1 1 4 1 1 3 2 1 1 4 1 1 2 2 1 1 1 2 21 2 2 1 18 2
2 2 5 1 1 1 5 0 1 1 1 2 1 1 2 2 1 1 3 12 5 1 1 15 1
1 2 1 0 1 1 5 2 1 2 1 1 2 2 2 2 1 2 2 8 24 2 4 20 1
2 2 5 2 1 2 3 0 2 2 2 1 3 2 4 2 2 2 2 8 4 1 1 16 2
1 0 3 3 3 1 4 3 2 2 2 2 1 1 2 2 2 1 2 6 1 2 4 13 1
2 1 5 2 0 1 3 2 1 2 2 3 1 1 2 4 2 1 2 8 2 1 2 17 2
1 1 1 0 1 1 13 2 1 1 2 1 1 2 1 1 2 1 2 8 5 2 2 17 2
1 2 5 2 1 1 1 4 2 2 0 1 2 2 2 1 1 2 3 2 7 3 8 15 2
0 3 4 2 3 3 4 4 3 4 4 3 3 3 4 4 3 3 3 7 4 4 4 35 4
1 1 3 1 0 1 3 2 1 1 1 2 1 1 1 1 1 1 1 14 5 1 4 18 1
7 9 6 7 7 5 9 7 5 7 5 4 5 4 11 6 0 5 8 11 6 5 7 24 6
2 2 0 3 1 2 11 3 2 2 2 1 3 2 3 2 2 1 2 19 3 1 5 17 2
5 4 6 5 3 0 8 4 2 3 2 2 3 3 7 4 2 2 4 6 39 3 4 11 4
5 5 4 5 4 4 4 4 3 3 3 1 4 0 7 4 4 4 4 7 4 3 4 16 5
2 4 5 3 2 0 3 3 2 2 2 2 1 1 4 3 2 2 3 7 2 2 4 16 2
2 3 5 3 2 3 4 4 2 2 2 2 3 2 5 3 3 0 6 19 4 1 5 15 3
4 3 3 3 3 3 3 4 2 0 2 2 2 2 5 2 3 3 3 15 5 2 3 8 3
2 1 0 2 1 1 3 2 1 2 1 1 2 2 2 3 1 1 1 8 5 1 4 8 1
2 0 5 1 1 1 3 3 1 1 2 2 1 1 2 3 1 2 2 8 2 1 5 15 2
2 1 3 0 1 1 5 1 1 1 1 1 1 2 1 2 1 1 1 8 5 1 2 16 1
7 8 6 8 3 5 4 5 1 2 4 3 4 4 8 5 4 3 0 29 5 5 4 25 5
0 2 1 2 1 1 11 2 1 2 1 1 2 2 1 1 1 2 2 9 4 2 5 17 2
8 5 5 10 0 6 2 2 5 4 4 3 7 3 13 6 7 5 6 9 4 5 5 22 6
2 2 1 2 1 1 8 0 2 2 2 2 3 1 3 2 1 2 2 9 4 1 4 16 2
4 4 4 4 0 4 3 2 3 3 3 3 4 3 10 3 3 3 3 8 4 2 8 15 4
1 2 6 2 1 2 8 3 1 2 4 1 0 2 2 2 1 2 2 7 2 1 2 17 2
2 1 0 3 1 1 12 3 2 3 2 1 1 2 2 2 1 2 2 8 5 2 7 16 2
1 1 4 1 1 1 3 0 1 2 2 3 2 1 1 2 2 2 2 2 4 1 2 12 2
2 2 2 2 1 2 3 3 1 2 2 1 0 2 2 2 1 2 4 7 5 1 2 19 2
10 12 7 9 7 8 7 7 5 0 7 5 9 6 14 6 9 8 10 30 8 7 6 17 11
6 6 4 8 5 4 5 5 3 6 4 3 5 4 12 0 4 6 8 33 5 4 5 17 6
1 2 4 4 1 1 4 2 0 1 2 2 2 2 1 4 1 2 2 26 5 1 2 15 2
1 1 5 0 1 1 3 2 1 2 2 3 2 1 2 2 2 3 3 22 4 2 2 20 1
1 0 3 6 4 2 14 3 3 3 4 2 2 1 4 3 2 2 4 3 2 1 6 23 2
3 4 4 5 3 0 5 4 3 4 3 2 3 2 5 3 2 4 4 7 5 3 6 13 3
1 2 1 1 1 1 3 1 1 1 2 1 1 2 1 0 1 1 1 20 2 1 1 3 2
14 10 1 16 0 10 3 1 10 8 10 7 14 7 25 12 12 10 12 19 11 10 7 29 15
7 5 4 8 3 5 8 4 4 4 5 5 5 0 8 5 5 4 4 18 5 3 4 11 5
11 9 2 14 2 8 11 0 7 8 9 5 11 6 19 10 11 9 9 12 9 9 7 24 11
4 5 4 9 0 5 4 2 4 2 4 4 4 3 14 5 6 4 5 19 4 3 2 25 5
2 1 4 1 1 1 4 0 1 2 1 1 2 2 2 1 1 2 2 1 4 1 1 15 1
6 4 0 5 1 3 8 2 2 2 4 2 4 1 7 3 3 3 3 9 2 2 5 13 3
0 3 1 3 1 1 12 2 1 3 2 2 2 2 2 2 2 2 3 7 3 3 2 15 2
2 2 2 1 1 1 3 3 2 2 0 1 1 3 3 2 1 1 2 8 24 3 4 16 2
1 2 2 2 2 1 4 2 1 4 2 2 1 1 2 0 2 3 3 17 4 1 3 4 2
1 2 1 1 1 1 4 4 0 1 1 1 1 2 1 3 1 1 1 23 4 1 2 13 1
5 4 3 4 3 3 4 3 3 0 3 2 4 2 5 3 2 4 6 15 4 2 3 15 3
2 3 2 3 1 1 8 3 2 1 2 1 0 2 3 2 2 2 3 4 4 1 2 3 2
6 3 1 5 0 3 10 2 3 4 3 2 4 2 6 3 3 3 3 8 3 3 5 15 4
3 3 5 3 1 2 3 1 2 0 2 2 2 2 4 2 2 3 4 19 5 2 2 9 2
3 3 5 3 0 2 8 4 2 2 2 2 2 2 6 3 2 2 3 7 4 1 3 9 3
1 1 4 2 4 1 4 4 3 4 2 2 2 3 0 3 2 3 3 6 25 3 9 16 2
9 7 7 4 3 4 5 4 5 4 4 3 0 4 11 5 4 4 6 16 4 2 4 36 4
11 7 0 13 2 7 1 1 8 5 8 6 10 6 18 11 11 9 10 12 7 7 2 22 9
1 1 1 1 1 1 4 2 1 1 1 1 1 2 1 1 1 1 1 8 0 1 4 16 1
1 1 5 4 1 1 4 1 1 0 1 2 1 1 2 3 1 1 1 16 5 1 2 15 2
1 1 2 2 3 1 3 2 1 1 1 0 1 2 2 1 1 1 1 8 5 1 2 15 1
2 3 5 3 1 2 8 0 2 2 2 2 3 1 5 3 2 2 2 19 2 2 2 17 3
1 2 3 0 2 2 8 4 2 1 3 3 3 3 5 2 2 2 4 8 3 3 2 35 3
5 4 3 5 3 2 8 3 4 4 3 2 3 2 7 4 0 3 5 8 3 2 4 16 4
1 0 4 1 5 1 4 4 1 3 2 2 2 3 2 2 2 2 3 3 5 3 5 11 4
15 12 4 16 1 11 10 7 10 11 11 9 16 8 31 13 14 11 13 18 12 13 0 32 16
2 1 2 2 1 1 4 2 1 1 1 0 1 2 3 2 2 1 2 9 4 1 2 9 2
8 9 3 11 6 5 24 11 5 0 5 5 6 4 11 4 5 7 10 26 6 4 20 13 7
0 2 4 1 2 2 4 2 1 1 1 3 2 1 2 1 1 1 3 8 5 1 2 17 2
2 1 0 2 1 1 11 3 1 2 1 3 1 1 3 2 1 1 2 7 5 1 2 8 1
2 1 2 2 1 1 4 2 1 1 1 2 1 0 2 2 1 2 3 8 5 1 3 8 1
1 1 3 2 0 1 4 2 1 1 1 1 1 2 1 1 1 1 1 8 4 1 4 1 1
9 10 8 11 7 6 8 8 7 8 5 6 9 0 16 8 10 7 8 11 6 7 8 20 9
2 3 2 3 2 2 3 3 2 2 0 2 2 2 5 3 2 3 3 7 4 1 2 19 2
12 12 8 12 7 10 7 8 7 0 9 7 11 7 15 8 10 12 17 33 10 10 7 18 13
2 2 1 2 1 2 4 2 1 0 2 1 2 2 3 1 2 3 4 17 4 1 1 15 2
3 4 4 3 0 2 8 2 2 2 2 2 3 2 3 3 2 2 3 10 2 1 6 15 2
6 6 4 6 4 4 5 4 2 0 4 3 3 4 6 3 4 2 2 16 4 3 4 13 5
4 2 5 4 1 0 3 3 2 3 1 2 1 1 2 2 1 2 2 7 5 1 16 9 1
3 3 4 3 1 2 3 0 2 2 2 2 2 2 3 2 2 2 3 7 2 1 2 16 2
6 4 7 5 4 4 8 6 4 4 4 0 2 5 10 5 4 5 5 7 3 2 5 15 4
1 2 1 5 1 0 5 3 2 2 1 2 2 1 4 2 1 2 3 7 4 1 4 20 1
4 2 5 5 1 3 3 0 3 4 4 2 4 3 6 3 3 3 4 7 3 2 6 11 3
2 2 2 1 1 0 3 2 1 2 1 1 1 2 2 2 1 1 2 7 4 1 2 9 1
3 3 5 3 1 2 4 2 1 0 3 2 3 1 5 3 2 3 5 28 4 2 2 15 2
1 0 2 4 1 1 3 3 2 2 1 1 2 2 2 3 2 2 2 8 4 1 2 18 2
4 3 3 5 0 3 3 2 3 3 3 2 4 2 5 4 3 3 3 7 5 2 6 16 3
3 5 0 4 1 3 7 2 2 2 2 2 3 2 4 2 2 2 3 2 43 2 2 14 3
2 3 4 2 1 1 5 2 2 2 1 2 2 1 3 1 1 2 2 7 5 1 4 8 0
1 0 5 4 5 2 5 6 1 4 2 4 3 3 4 4 4 4 6 8 22 4 6 19 3
3 2 5 3 1 2 3 2 2 0 2 2 2 2 4 2 2 4 5 14 5 2 4 15 3
5 4 4 7 4 4 4 4 4 5 5 3 5 0 8 5 5 5 6 8 5 4 4 17 4
3 3 5 3 1 2 4 2 2 0 2 2 3 2 4 2 2 3 4 12 5 2 4 7 2
0 9 7 2 7 5 7 9 4 7 6 6 7 6 17 6 7 7 7 24 7 10 7 40 8
1 2 1 1 1 1 4 2 1 2 0 1 1 2 2 2 1 1 2 8 5 3 3 16 2
4 4 4 4 2 3 3 3 2 0 2 3 3 2 5 4 3 2 6 13 5 2 3 9 3
4 3 6 4 0 2 8 2 3 2 3 2 3 3 5 3 2 3 3 8 4 2 19 13 3
1 1 1 2 3 1 10 3 1 1 4 1 1 2 0 1 1 2 1 22 3 1 4 3 1
1 2 2 1 1 0 4 3 1 1 1 2 1 1 1 1 1 1 1 8 5 2 4 14 1
2 0 1 1 1 1 3 2 1 1 1 2 1 1 2 1 2 1 2 8 4 1 2 9 2
2 2 0 2 1 1 12 2 1 1 2 2 1 1 2 1 1 1 4 11 2 1 1 4 1
5 4 3 6 0 4 1 2 3 4 3 2 5 3 9 4 4 4 4 7 4 3 3 15 5
5 4 3 6 1 4 0 2 5 6 5 3 6 4 10 5 5 5 5 13 5 4 2 18 6
2 1 3 3 3 2 3 3 2 2 3 3 2 0 5 3 2 3 3 4 4 2 3 17 2
2 2 1 2 1 0 5 3 1 1 2 1 1 2 2 1 1 1 2 18 2 1 1 2 1
2 4 3 3 2 1 3 3 2 2 2 1 0 3 6 2 2 2 3 22 5 2 3 18 1
7 7 2 12 0 5 4 3 6 5 5 4 8 4 15 7 6 6 7 9 5 5 5 21 8
2 3 0 3 1 2 12 2 2 2 3 1 3 2 4 2 2 2 2 9 4 1 1 18 3
2 2 1 2 1 0 8 2 1 1 1 1 1 2 2 2 1 1 3 8 5 2 2 3 1
5 6 5 5 3 4 3 4 3 0 3 3 5 3 7 4 3 7 8 19 5 3 3 16 5
2 2 2 2 3 2 4 3 2 3 1 2 2 2 5 3 2 2 3 7 4 0 3 17 3
2 2 1 2 1 1 3 3 1 0 1 2 2 1 2 2 1 1 4 11 4 1 1 8 2
0 1 2 2 1 1 4 3 1 2 2 1 1 2 2 2 1 1 1 8 4 2 4 17 2
15 8 6 17 4 11 15 0 11 11 12 8 14 9 27 16 15 13 14 21 11 10 2 38 13
3 2 1 2 1 0 13 2 2 1 2 2 2 1 3 1 1 1 2 7 4 2 2 15 2
5 4 1 6 0 2 4 2 3 4 3 2 4 2 8 3 4 3 3 8 4 2 6 14 4
2 2 2 1 2 1 4 3 2 3 0 2 2 2 3 3 2 2 3 4 6 2 5 19 2
2 1 2 3 1 1 3 0 1 1 2 2 2 1 1 2 2 1 2 10 2 1 1 10 2
1 1 2 2 1 1 3 2 1 2 1 0 1 2 1 1 1 1 3 8 5 1 6 16 1
5 4 2 6 0 4 1 2 3 5 4 3 4 3 11 5 4 4 4 22 4 3 2 15 5
2 3 3 3 2 1 7 3 2 2 2 2 0 2 3 3 2 2 3 8 4 1 2 10 1
6 5 5 10 1 6 17 0 5 5 5 3 7 3 12 6 6 5 6 17 5 4 7 24 8
6 3 4 6 1 4 4 0 3 3 3 2 4 3 7 4 3 4 4 13 4 3 2 15 4
3 5 6 4 3 3 3 4 2 0 3 2 3 2 5 2 2 3 6 16 4 3 3 14 3
1 1 6 3 0 1 8 11 2 2 1 2 1 1 2 1 1 1 3 3 5 1 16 14 2
2 2 5 2 1 1 3 3 2 2 1 3 2 0 3 2 2 1 2 7 4 1 4 15 2
2 2 3 1 1 1 4 2 1 1 2 1 2 2 1 2 0 2 2 1 5 1 2 14 1
2 0 2 2 2 1 11 3 1 1 4 2 2 2 1 1 2 2 3 5 3 1 3 13 2
3 4 3 5 2 2 3 2 2 3 3 2 3 2 6 0 2 3 3 24 3 2 2 12 4
1 2 3 1 1 1 3 2 0 3 1 2 1 1 2 1 1 2 2 25 4 1 5 17 2
0 7 6 10 4 3 5 5 5 5 1 3 4 3 10 5 3 4 6 6 7 3 4 34 3
2 1 5 2 1 1 5 2 1 2 0 2 2 2 2 3 1 1 3 9 24 4 5 9 2
0 1 5 4 2 1 7 2 2 4 3 2 3 2 3 3 2 3 3 18 4 4 3 24 3
4 4 6 4 0 2 8 12 3 3 3 2 3 2 6 3 3 3 4 7 5 2 26 13 3
2 2 1 2 1 0 4 2 1 1 1 1 1 2 1 2 1 1 2 5 5 1 4 8 1
1 0 1 2 1 1 3 2 1 1 1 1 1 2 1 2 1 1 2 7 5 1 3 16 1
5 4 0 8 1 4 4 1 4 4 4 3 5 3 11 5 5 4 5 18 4 4 1 19 5
2 3 3 3 2 2 3 3 2 2 3 3 2 0 4 2 2 1 2 14 3 2 2 17 3
2 2 1 2 1 0 3 2 1 2 2 1 1 2 1 1 1 2 2 7 2 1 8 3 1
14 17 12 16 12 12 12 13 11 11 11 0 16 7 26 15 15 13 14 26 12 14 11 36 14
2 3 2 4 2 1 13 3 2 2 1 0 1 3 3 2 2 2 3 6 5 2 2 16 1
2 3 4 6 2 2 2 2 2 1 1 0 2 4 4 2 2 2 2 9 5 3 3 20 2
4 3 5 4 3 3 4 4 2 3 3 2 3 0 7 3 3 3 4 7 4 2 4 16 3
3 3 4 5 0 3 4 2 3 4 4 2 4 3 7 3 4 4 4 7 3 3 2 22 4
10 8 3 13 1 8 4 0 6 6 6 5 12 5 20 8 10 7 8 21 6 6 14 31 10
0 12 9 5 8 10 10 10 7 12 11 10 16 9 24 14 14 11 12 22 13 19 18 58 16
0 2 1 2 2 1 5 3 1 2 2 1 1 2 3 2 1 2 2 7 2 2 2 17 2
16 10 0 16 2 9 8 3 8 8 10 8 13 7 20 9 14 11 9 17 10 10 12 26 14
2 1 2 2 1 2 4 4 2 2 2 2 0 1 4 2 1 2 2 6 4 1 4 15 2
10 7 2 12 1 8 0 1 7 5 7 5 10 5 20 9 9 8 8 16 8 8 1 20 9
1 2 2 5 1 1 4 3 2 2 2 0 2 3 2 2 2 2 3 7 4 1 4 18 1
13 17 11 15 11 14 12 11 10 10 8 0 14 9 27 17 15 11 12 26 25 12 11 37 16
7 6 3 8 0 4 4 2 4 3 4 2 5 3 13 4 4 4 4 9 4 4 4 16 5
14 11 2 14 2 9 0 7 8 8 7 6 10 6 20 12 11 9 9 23 7 8 2 21 12
1 1 3 0 1 1 3 1 1 1 1 1 1 2 1 2 1 1 2 5 4 1 3 16 1
2 2 4 2 1 1 0 2 1 2 1 2 2 1 3 2 2 1 2 13 4 1 2 9 2
2 2 1 1 3 1 14 11 1 2 4 3 0 2 2 3 2 1 4 7 1 3 9 16 1
10 12 9 9 6 7 9 7 5 2 6 5 6 6 14 7 8 0 7 28 7 5 6 22 8
1 2 1 3 1 1 4 3 2 1 1 0 1 2 2 1 1 1 1 18 5 1 4 6 1
1 3 1 4 3 2 13 3 2 1 1 1 2 2 2 1 1 2 4 7 4 0 8 17 1
1 1 3 1 1 1 3 2 1 1 1 1 1 2 1 1 1 1 1 0 5 1 2 3 1
1 1 4 3 0 1 3 1 1 1 2 2 2 2 1 2 2 1 2 7 2 1 14 16 2
4 3 1 6 1 4 4 0 3 3 3 3 4 3 8 4 4 3 4 9 3 3 1 17 4
0 2 4 2 1 2 1 2 1 2 2 2 3 2 3 2 2 2 2 8 4 3 4 25 2
2 3 1 2 1 1 4 3 1 2 1 2 1 1 2 2 1 2 2 6 5 2 6 8 0
0 2 1 4 3 2 8 3 1 2 4 2 2 1 2 2 1 1 2 20 2 3 2 21 2
1 2 5 3 1 1 3 2 1 1 1 2 1 1 2 1 1 2 1 7 0 2 4 18 1
1 0 5 3 1 1 1 3 1 1 2 3 2 1 2 4 2 1 2 8 3 1 1 16 2
2 3 5 3 2 2 7 2 2 3 2 2 0 2 4 3 1 2 3 7 5 2 2 15 1
3 4 5 5 2 2 4 3 0 3 3 2 3 2 6 3 2 3 5 23 4 2 4 16 4
2 1 1 3 1 1 14 4 1 2 4 3 2 1 1 1 1 1 2 9 0 2 3 8 1
10 10 7 11 6 7 14 7 7 7 5 6 7 0 15 8 10 6 7 13 6 6 7 22 6
1 1 0 3 1 2 3 1 1 1 2 1 2 2 2 2 2 1 2 5 4 2 2 15 2
10 8 0 12 1 7 5 2 6 7 7 5 11 6 19 8 11 7 7 18 7 8 3 24 10
1 2 2 1 1 0 3 2 1 2 2 1 1 2 2 1 1 2 2 7 2 2 2 16 1
2 4 5 4 1 2 13 0 3 2 2 2 3 2 6 3 2 3 3 7 4 2 6 18 2
2 2 1 3 1 1 4 3 1 2 1 1 2 2 2 2 1 0 4 14 5 1 4 7 2
8 10 4 11 0 6 2 7 6 6 5 4 9 5 20 7 8 6 6 15 26 6 10 22 8
2 0 3 2 1 1 2 2 2 2 2 2 2 2 2 2 2 2 2 6 4 1 6 13 2
6 7 4 5 4 4 4 5 3 2 4 3 3 4 8 4 4 0 3 13 4 4 4 11 5
0 2 3 4 3 2 3 4 2 2 2 3 3 2 5 3 2 2 3 7 3 3 2 28 3
6 4 0 6 1 4 3 2 4 3 3 2 5 3 6 4 4 4 4 14 5 4 3 18 5
1 2 3 4 1 0 1 2 1 1 1 1 1 2 1 3 1 1 1 8 5 2 2 17 1
1 1 3 0 1 1 4 3 1 1 2 1 1 2 2 1 1 1 3 7 2 1 2 16 1
3 3 0 3 1 2 10 2 2 2 1 1 2 2 3 2 2 1 2 8 5 1 6 8 2
2 0 3 2 2 1 12 4 2 3 1 2 1 2 3 1 2 1 2 14 4 1 3 10 2
1 1 3 2 1 1 1 2 1 0 1 1 2 2 2 3 2 2 4 10 5 1 1 17 1
2 1 3 4 1 3 12 0 2 3 3 2 3 2 4 3 2 3 3 7 2 2 1 18 3
7 4 3 9 1 4 4 0 4 6 6 4 8 5 13 6 6 7 7 10 6 6 2 20 8
0 2 3 2 2 1 3 3 2 2 1 1 2 3 2 2 1 1 3 8 5 2 3 27 2
3 2 2 4 2 3 4 2 2 3 2 3 2 0 4 3 2 2 3 8 2 2 3 7 2
3 4 3 5 2 3 7 3 2 3 3 3 2 0 5 3 3 3 3 18 2 2 3 18 2
2 1 3 0 4 2 9 4 2 3 2 2 2 3 1 2 2 2 3 2 5 2 13 17 2
1 1 3 4 0 1 2 2 1 2 2 2 1 1 2 2 2 1 2 7 2 1 4 15 1
10 9 8 12 7 8 8 8 6 7 6 5 9 0 16 8 10 7 7 18 6 8 8 24 9
2 2 1 1 1 1 8 3 0 1 1 1 1 2 1 2 1 1 1 7 4 1 2 5 1
4 3 0 5 1 3 4 2 2 2 2 2 3 1 5 3 3 2 3 13 2 2 1 9 2
1 1 4 3 1 1 0 2 1 1 4 2 1 1 2 3 2 3 4 24 2 1 1 19 2
2 2 4 2 2 1 14 2 1 1 2 0 1 2 2 2 1 1 2 5 5 1 3 4 1
3 4 4 5 3 2 4 3 1 4 3 2 3 3 3 0 2 3 4 14 5 2 3 9 3
7 6 4 9 1 5 0 2 5 4 5 3 7 4 11 6 6 4 5 17 5 4 1 19 7
8 5 0 10 1 6 3 1 5 5 5 4 8 4 15 6 7 5 6 10 5 5 2 23 8
1 2 1 0 3 2 10 3 2 2 2 2 3 1 3 2 2 2 2 7 2 2 4 29 2
6 6 0 10 1 5 3 1 5 5 4 3 7 4 12 6 6 5 6 7 5 5 4 17 5
10 9 0 13 1 6 18 9 5 5 7 4 9 6 21 7 9 6 7 19 7 6 6 26 9
1 3 4 0 5 2 5 5 3 6 3 3 3 4 3 4 2 4 4 6 41 3 8 27 4
1 1 4 0 1 1 4 1 1 1 1 1 1 2 1 1 1 1 2 7 4 1 2 18 1
2 2 0 3 1 2 3 2 2 2 2 2 2 2 3 2 2 2 3 7 5 1 1 15 2
9 7 5 11 1 6 0 2 7 6 6 5 8 4 14 8 8 6 7 11 6 6 2 19 8
1 0 5 3 1 1 3 2 1 1 1 2 1 1 2 3 2 1 4 23 5 1 2 17 2
3 4 2 3 2 2 3 2 2 2 2 2 3 2 4 2 2 0 4 15 5 2 3 16 3
4 5 4 3 3 2 4 4 1 4 3 2 4 2 6 0 2 3 4 29 5 3 4 16 4
14 9 3 17 1 8 4 0 9 7 9 6 11 6 19 10 13 8 10 15 8 9 1 28 12
2 1 0 3 1 1 5 2 1 1 1 1 2 2 1 2 1 1 1 20 5 1 4 9 2
11 10 1 14 1 9 10 0 8 6 9 7 11 7 26 10 13 9 10 19 8 8 2 26 15
4 4 5 4 5 0 5 4 3 6 2 3 2 3 4 3 2 4 4 4 88 2 5 9 4
0 13 6 1 8 7 14 11 8 15 6 12 14 9 31 14 14 10 14 23 92 18 21 73 19
2 2 0 3 1 2 5 2 2 2 2 2 3 2 4 2 2 2 2 9 4 2 2 17 2
2 2 5 2 1 1 4 2 1 1 1 1 2 2 2 2 1 0 4 19 5 1 2 15 1
1 0 6 3 3 1 4 2 2 1 2 2 2 2 1 2 1 1 4 9 2 1 10 13 2
2 2 0 1 1 1 12 3 1 2 2 2 1 2 2 2 2 2 2 7 1 2 2 20 1
3 3 5 4 1 3 14 0 2 2 2 2 3 2 6 3 2 2 3 18 2 2 2 17 3
1 1 1 3 1 1 4 3 1 1 0 1 1 2 1 2 1 1 2 8 6 1 1 18 1
1 1 0 1 1 1 4 3 1 1 2 1 2 2 1 1 1 2 2 8 2 1 2 16 1
0 1 2 1 2 1 5 3 2 3 2 1 2 2 3 2 2 2 3 8 2 2 2 21 3
17 22 9 0 11 12 24 9 11 15 13 10 18 12 23 11 18 13 17 23 13 17 18 71 17
1 1 5 0 1 1 2 3 1 2 1 1 2 2 2 2 1 2 2 5 4 2 4 21 2
5 5 6 4 2 4 14 4 3 2 4 2 0 3 4 4 3 3 5 4 5 2 6 9 4
2 1 2 2 2 0 3 4 1 1 2 2 1 2 1 1 1 1 4 4 5 1 3 3 1
2 2 5 2 1 1 3 2 1 2 1 2 0 1 3 3 2 2 2 7 5 1 2 4 1
4 2 3 3 3 1 5 4 2 2 2 2 0 2 2 2 1 1 4 5 5 2 3 3 1
3 2 1 3 1 1 5 3 2 1 2 2 1 2 2 2 1 1 3 17 0 3 2 8 2
2 2 2 0 2 1 4 3 2 3 3 2 2 2 2 3 2 3 3 6 5 3 3 42 2
0 1 2 2 2 1 13 2 1 2 2 1 2 2 2 2 1 2 2 8 5 2 6 19 3
0 3 5 4 2 2 4 4 3 4 3 3 4 3 5 4 3 3 4 6 4 4 6 25 5
0 6 6 4 6 5 8 7 4 8 6 5 8 5 12 6 7 8 8 26 9 10 6 44 9
1 3 2 2 1 0 8 3 1 2 1 2 1 1 2 4 1 3 3 9 25 1 2 15 1
